2459769.865828 2676449.1 2465113.22 1536.84 882.75 1.4572
2459769.865972 2675135.46 2465242.92 1536.76 882.54 1.4569
2459769.866113 2675412.76 2463522.39 1536.85 882.29 1.4566
2459769.866252 2674163.14 2465008.1 1536.97 882.02 1.4563
2459769.866394 2672593.24 2463727.08 1537.17 881.77 1.4559
2459769.866535 2675820.15 2466212.61 1537.21 881.57 1.4556
2459769.866676 2674039.68 2466264.19 1537.2 881.46 1.4553
2459769.866817 2674057.22 2464127.04 1537.16 881.35 1.455
2459769.866962 2675193.9 2465840.0 1537.09 881.27 1.4546
2459769.867104 2677712.17 2466699.61 1537.04 881.2 1.4543
2459769.867241 2676843.91 2466000.14 1536.98 881.17 1.454
2459769.867383 2673132.03 2466901.49 1536.97 881.14 1.4537
2459769.867524 2675478.2 2463694.01 1536.91 881.02 1.4534
2459769.867666 2672265.56 2461396.95 1536.9 880.89 1.4531
2459769.867808 2673673.91 2465065.72 1536.95 880.87 1.4528
2459769.867948 2673912.46 2467145.18 1536.99 880.84 1.4525
2459769.868091 2677077.76 2467068.47 1536.89 880.83 1.4521
2459769.868233 2679815.95 2466411.94 1536.83 880.8 1.4518
2459769.868372 2678247.0 2466862.71 1536.75 880.76 1.4515
2459769.868514 2677962.71 2467566.43 1536.64 880.73 1.4512
2459769.868656 2679663.2 2466892.9 1536.52 880.7 1.4509
2459769.868796 2679662.86 2466394.88 1536.37 880.67 1.4506
2459769.868939 2677229.75 2463991.97 1536.24 880.6 1.4503
2459769.86908 2677474.34 2465195.54 1536.12 880.52 1.45
2459769.86922 2678880.9 2464865.21 1535.99 880.42 1.4498
2459769.869364 2678454.31 2463922.72 1535.97 880.37 1.4494
2459769.869506 2678009.86 2465071.4 1535.99 880.27 1.4491
2459769.869646 2678517.53 2466007.46 1536.0 880.22 1.4489
2459769.869785 2676197.68 2463228.57 1535.94 880.17 1.4486
2459769.86993 2677981.07 2463359.34 1535.9 880.11 1.4483
2459769.87007 2678954.36 2465918.06 1535.75 880.04 1.448
2459769.87021 2676197.11 2462221.51 1535.66 879.98 1.4477
2459769.870352 2678542.67 2464122.43 1535.46 879.96 1.4474
2459769.870498 2677476.35 2463560.33 1535.29 879.95 1.4471
2459769.87064 2679525.28 2463463.05 1535.15 879.93 1.4469
2459769.870779 2677711.72 2461789.03 1535.07 879.9 1.4466
2459769.870918 2675058.76 2459793.58 1535.04 879.91 1.4463
2459769.871057 2675654.68 2462041.97 1535.0 879.89 1.446
2459769.871199 2675699.72 2460905.23 1534.89 879.87 1.4458
2459769.871342 2676772.56 2461957.94 1534.91 879.84 1.4455
2459769.871484 2676740.5 2461541.19 1534.88 879.81 1.4452
2459769.871623 2677944.31 2462759.61 1534.84 879.76 1.445
2459769.871767 2676021.36 2461772.94 1534.82 879.73 1.4447
2459769.871906 2675643.46 2461787.97 1534.75 879.58 1.4444
2459769.872047 2675950.69 2461624.59 1534.7 879.53 1.4442
2459769.872188 2678598.75 2462315.37 1534.61 879.47 1.4439
2459769.87233 2678376.4 2463289.58 1534.49 879.46 1.4436
2459769.872471 2676505.99 2461677.79 1534.37 879.41 1.4434
2459769.872616 2677091.54 2461806.27 1534.23 879.38 1.4431
2459769.87276 2676375.46 2461487.77 1534.14 879.34 1.4428
2459769.872899 2677571.79 2461448.04 1533.98 879.27 1.4426
2459769.873038 2674987.87 2459794.9 1534.0 879.21 1.4423
2459769.873178 2678823.01 2463472.49 1533.88 879.19 1.4421
2459769.873319 2677015.98 2462689.24 1533.81 879.16 1.4418
2459769.87346 2678786.04 2462324.43 1533.72 879.14 1.4416
2459769.873602 2676113.43 2462405.09 1533.69 879.14 1.4413
2459769.873745 2674508.04 2463064.8 1533.7 879.17 1.4411
2459769.873886 2678338.42 2463734.69 1533.61 879.21 1.4408
2459769.874026 2679638.76 2463476.83 1533.51 879.26 1.4406
2459769.874167 2678377.54 2464957.51 1533.33 879.28 1.4403
2459769.87431 2678606.36 2463970.2 1533.15 879.33 1.4401
2459769.874452 2679273.72 2464873.44 1532.93 879.32 1.4398
2459769.874591 2679697.17 2462669.59 1532.87 879.29 1.4396
2459769.874734 2679185.83 2463487.08 1532.83 879.22 1.4394
2459769.874876 2678703.17 2463111.06 1532.81 879.16 1.4391
2459769.875016 2678775.48 2462417.56 1532.75 879.16 1.4389
2459769.875158 2678251.71 2461667.29 1532.73 879.15 1.4387
2459769.8753 2678421.0 2461533.19 1532.65 879.06 1.4384
2459769.875439 2678917.74 2463200.99 1532.49 878.97 1.4382
2459769.87558 2678568.48 2464313.2 1532.29 879.02 1.438
2459769.875722 2679676.86 2463016.3 1532.21 878.96 1.4378
2459769.875863 2680382.53 2463484.44 1532.11 878.97 1.4375
2459769.876004 2678954.85 2462569.87 1532.02 878.99 1.4373
2459769.876146 2678760.33 2463359.45 1531.95 879.04 1.4371
2459769.876293 2679552.9 2462890.48 1531.94 878.99 1.4368
2459769.876442 2680471.76 2463615.18 1531.83 879.01 1.4366
2459769.876578 2676127.21 2463380.99 1531.78 879.03 1.4364
2459769.876712 2678840.43 2463305.74 1531.73 879.04 1.4362
2459769.876852 2680196.97 2462540.26 1531.69 879.0 1.436
2459769.876994 2683290.48 2462804.2 1531.65 878.83 1.4358
2459769.877135 2684014.27 2464280.36 1531.53 878.76 1.4355
2459769.877276 2680312.26 2462981.6 1531.38 878.76 1.4353
2459769.87742 2684540.61 2466100.8 1531.26 878.78 1.4351
2459769.877562 2684496.92 2466204.13 1531.16 878.82 1.4349
2459769.8777 2684638.04 2466439.11 1531.09 878.86 1.4347
2459769.877842 2684801.19 2464339.63 1530.94 878.89 1.4345
2459769.877983 2683146.56 2463896.75 1530.87 878.97 1.4343
2459769.878124 2684301.74 2464253.62 1530.79 879.03 1.4341
2459769.878267 2682342.1 2462226.99 1530.74 878.97 1.4339
2459769.878408 2682337.82 2460185.02 1530.68 878.97 1.4337
2459769.878548 2681265.89 2461485.95 1530.62 878.95 1.4335
2459769.87869 2683199.65 2462664.19 1530.5 878.92 1.4333
2459769.878831 2682508.29 2462247.85 1530.42 878.86 1.4331
2459769.878978 2681504.97 2462318.4 1530.34 878.78 1.4329
2459769.879121 2681655.61 2461001.06 1530.27 878.7 1.4327
2459769.879258 2683193.96 2464052.5 1530.14 878.66 1.4325
2459769.879398 2682146.46 2463489.47 1530.05 878.58 1.4323
2459769.879538 2681567.22 2462605.02 1529.92 878.5 1.4321
2459769.879679 2681017.61 2459908.36 1530.03 878.44 1.4319
2459769.87982 2680849.13 2460111.25 1530.01 878.34 1.4317
2459769.879962 2678564.6 2458478.7 1529.97 878.27 1.4315
2459769.880103 2678962.47 2459768.95 1530.0 878.21 1.4314
2459769.880244 2681354.25 2459931.25 1529.9 878.09 1.4312
2459769.880386 2679851.54 2459648.08 1529.81 877.92 1.431
2459769.880527 2681255.16 2459826.0 1529.68 877.93 1.4308
2459769.880668 2680051.75 2458773.4 1529.6 877.95 1.4306
2459769.88081 2683149.02 2461873.02 1529.43 878.02 1.4305
2459769.880951 2681557.48 2460392.96 1529.36 878.03 1.4303
2459769.881092 2679284.95 2459293.08 1529.25 878.05 1.4301
2459769.881234 2679304.68 2460017.59 1529.08 878.09 1.4299
2459769.881375 2679544.79 2459277.28 1528.98 878.11 1.4297
2459769.881517 2680708.76 2458683.48 1529.0 878.11 1.4296
2459769.88166 2678684.23 2459019.88 1528.89 878.19 1.4294
2459769.881803 2679944.68 2459791.24 1528.86 878.23 1.4292
2459769.881943 2679037.71 2459167.93 1528.79 878.26 1.4291
2459769.882082 2676564.03 2458162.74 1528.74 878.31 1.4289
2459769.882223 2680107.9 2460342.75 1528.67 878.35 1.4287
2459769.882365 2678011.28 2458736.83 1528.63 878.42 1.4286
2459769.882506 2679070.76 2459649.06 1528.52 878.51 1.4284
2459769.88265 2679223.87 2458850.78 1528.41 878.6 1.4283
2459769.882792 2678023.8 2459024.91 1528.25 878.66 1.4281
2459769.88293 2679746.04 2457165.56 1528.19 878.67 1.4279
2459769.883072 2679148.03 2459292.73 1528.1 878.68 1.4278
2459769.883214 2678163.43 2457359.02 1528.04 878.65 1.4276
2459769.883358 2678671.29 2459243.27 1527.97 878.65 1.4275
2459769.8835 2679430.1 2458387.86 1528.02 878.69 1.4273
2459769.883637 2680006.01 2459139.85 1527.92 878.71 1.4272
2459769.883778 2682730.37 2460109.34 1527.87 878.67 1.427
2459769.883919 2683102.11 2458002.42 1527.82 878.56 1.4269
2459769.884061 2680851.16 2457035.6 1527.83 878.42 1.4267
2459769.884202 2680954.4 2458544.32 1527.83 878.4 1.4266
2459769.884343 2681755.97 2458336.25 1527.8 878.33 1.4264
2459769.884486 2682156.83 2458493.98 1527.72 878.19 1.4263
2459769.884627 2681918.11 2458187.58 1527.61 878.06 1.4262
2459769.884767 2680064.39 2457554.14 1527.57 877.96 1.426
2459769.884909 2680809.76 2458166.16 1527.52 878.0 1.4259
2459769.88505 2680267.41 2457346.11 1527.47 877.88 1.4257
2459769.885191 2682046.63 2459785.41 1527.39 877.91 1.4256
2459769.885333 2681286.34 2458698.96 1527.32 877.92 1.4255
2459769.885474 2681568.99 2459355.57 1527.21 877.98 1.4253
2459769.885616 2682693.48 2459855.09 1527.05 878.02 1.4252
2459769.885758 2682580.87 2460292.59 1526.87 877.99 1.4251
2459769.885898 2683141.48 2461253.64 1526.77 878.03 1.4249
2459769.886039 2679804.3 2459431.19 1526.69 877.98 1.4248
2459769.886181 2678840.53 2457352.5 1526.65 877.98 1.4247
2459769.886322 2679007.2 2456772.12 1526.64 877.93 1.4246
2459769.886463 2679310.28 2457801.91 1526.64 877.93 1.4244
2459769.886605 2679793.26 2456587.4 1526.63 877.93 1.4243
2459769.886746 2678540.4 2456271.58 1526.59 877.96 1.4242
2459769.886887 2678444.45 2456450.24 1526.54 877.99 1.4241
2459769.887029 2679859.01 2457818.12 1526.48 877.95 1.424
2459769.88717 2679869.41 2458161.47 1526.38 877.97 1.4238
2459769.887312 2663472.19 2456622.31 1526.26 877.91 1.4237
2459769.887453 2592561.47 2455573.4 1526.1 877.71 1.4236
2459769.887594 2553855.26 2452902.93 1526.02 877.43 1.4235
2459769.887735 2523907.22 2449587.46 1526.0 877.09 1.4234
2459769.887877 2514268.81 2449340.89 1525.95 876.74 1.4233
2459769.888018 2511385.48 2450518.64 1525.98 876.44 1.4232
2459769.88816 2510084.58 2450656.32 1525.96 876.13 1.4231
2459769.888301 2507905.06 2451515.05 1525.95 875.83 1.423
2459769.888444 2508719.96 2453081.08 1525.94 875.51 1.4229
2459769.88859 2506638.49 2450638.18 1525.92 875.19 1.4227
2459769.888732 2504594.07 2451292.2 1525.92 874.9 1.4226
2459769.888871 2503341.99 2450921.36 1525.95 874.63 1.4225
2459769.88901 2500719.15 2449247.66 1526.0 874.37 1.4224
2459769.889151 2504652.48 2450670.31 1526.02 874.1 1.4223
2459769.88929 2503907.89 2451011.39 1526.0 873.85 1.4223
2459769.889433 2500822.72 2450382.8 1525.93 873.59 1.4222
2459769.889576 2498918.36 2451358.03 1525.87 873.34 1.4221
2459769.889717 2500738.35 2451678.57 1525.82 873.09 1.422
2459769.889862 2503648.83 2450441.23 1525.77 872.84 1.4219
2459769.890002 2498636.1 2450894.97 1525.71 872.57 1.4218
2459769.890138 2493520.06 2450697.04 1525.62 872.3 1.4217
2459769.890282 2496524.75 2450683.5 1525.55 872.05 1.4216
2459769.890424 2495620.13 2449895.09 1525.51 871.8 1.4215
2459769.890565 2496748.09 2452086.95 1525.4 871.53 1.4214
2459769.890706 2510208.48 2452839.36 1525.34 871.31 1.4214
2459769.890847 2534545.21 2453380.09 1525.35 871.17 1.4213
2459769.89099 2553825.88 2454277.78 1525.42 871.1 1.4212
2459769.89113 2628398.04 2452888.84 1525.86 871.24 1.4211
2459769.891269 2635504.4 2454875.34 1526.05 871.42 1.421
2459769.89141 2655610.42 2458449.29 1525.94 871.63 1.421
2459769.891552 2662804.91 2458438.77 1525.82 871.85 1.4209
2459769.891693 2662853.94 2460576.67 1525.65 872.06 1.4208
2459769.891834 2660477.36 2461924.02 1525.43 872.29 1.4207
2459769.891976 2654025.32 2461560.22 1525.2 872.5 1.4207
2459769.89212 2663988.78 2460369.68 1524.97 872.72 1.4206
2459769.892262 2661004.35 2460532.26 1524.82 872.94 1.4205
2459769.8924 2671733.09 2460167.59 1524.7 873.16 1.4205
2459769.892542 2672594.44 2458887.55 1524.56 873.36 1.4204
2459769.892684 2667468.82 2459605.24 1524.36 873.58 1.4203
2459769.892824 2674076.75 2458910.57 1524.2 873.78 1.4203
2459769.892965 2674298.13 2458205.23 1523.99 873.96 1.4202
2459769.893106 2672172.36 2459735.66 1523.84 874.17 1.4201
2459769.893249 2675885.97 2459794.95 1523.75 874.35 1.4201
2459769.893389 2677478.18 2459041.55 1523.68 874.51 1.42
2459769.89353 2678467.55 2459661.46 1523.62 874.68 1.42
2459769.893672 2677803.63 2458889.83 1523.56 874.84 1.4199
2459769.893818 2677926.83 2458278.65 1523.48 875.01 1.4199
2459769.893958 2681154.58 2458841.46 1523.46 875.08 1.4198
2459769.894096 2679257.36 2456539.94 1523.48 875.13 1.4198
2459769.894237 2680557.19 2459163.72 1523.39 875.19 1.4197
2459769.894379 2680553.87 2459950.25 1523.25 875.26 1.4197
2459769.89452 2679273.23 2458125.36 1523.18 875.36 1.4196
2459769.894661 2680284.22 2457648.71 1523.06 875.43 1.4196
2459769.894802 2680699.16 2455856.73 1523.0 875.49 1.4195
2459769.894944 2680596.15 2456053.28 1522.99 875.56 1.4195
2459769.895085 2682417.81 2456972.33 1522.97 875.58 1.4194
2459769.895226 2681829.91 2457363.69 1522.97 875.61 1.4194
2459769.895368 2679739.01 2456694.28 1523.04 875.62 1.4194
2459769.895509 2680222.46 2457473.47 1522.9 875.59 1.4193
2459769.895653 2679432.81 2456238.61 1522.88 875.6 1.4193
2459769.895794 2681498.47 2457627.58 1522.84 875.58 1.4192
2459769.895933 2680686.58 2457138.43 1522.83 875.55 1.4192
2459769.896074 2678977.96 2455306.92 1522.81 875.56 1.4192
2459769.896216 2678142.3 2456367.49 1522.79 875.61 1.4191
2459769.896357 2677078.53 2456294.99 1522.78 875.67 1.4191
2459769.896498 2678055.98 2456278.08 1522.72 875.72 1.4191
2459769.89664 2674864.09 2454227.92 1522.71 875.78 1.4191
2459769.896781 2674835.51 2453661.13 1522.66 875.83 1.419
2459769.896922 2673979.72 2452465.51 1522.62 875.89 1.419
2459769.897064 2674203.65 2452065.91 1522.55 875.93 1.419
2459769.897205 2676407.62 2452796.53 1522.46 875.95 1.419
2459769.897347 2674838.52 2454555.9 1522.32 876.01 1.4189
2459769.897488 2675086.69 2452127.87 1522.21 875.94 1.4189
2459769.897632 2675617.87 2451775.53 1522.1 875.89 1.4189
2459769.897774 2675250.12 2454017.14 1521.99 875.91 1.4189
2459769.897912 2675492.94 2452803.32 1521.92 875.89 1.4189
2459769.898053 2674980.57 2452176.65 1521.89 875.87 1.4189
2459769.898198 2675269.19 2451940.04 1521.88 875.89 1.4188
2459769.89834 2674946.3 2452121.91 1521.86 875.92 1.4188
2459769.89848 2674601.25 2451610.74 1521.85 875.93 1.4188
2459769.898618 2674095.57 2453630.52 1521.81 875.94 1.4188
2459769.89876 2675141.84 2453719.24 1521.71 875.94 1.4188
2459769.898901 2675221.26 2451522.14 1521.66 875.95 1.4188
2459769.899043 2671929.33 2449159.99 1521.64 875.94 1.4188
2459769.899184 2673381.83 2452049.67 1521.54 875.92 1.4188
2459769.899325 2673565.0 2451385.98 1521.46 875.9 1.4188
2459769.899466 2671763.57 2449826.65 1521.39 875.91 1.4188
2459769.899608 2674141.73 2452580.77 1521.27 875.9 1.4188
2459769.899749 2672911.25 2452692.43 1521.11 875.88 1.4188
2459769.89989 2671514.06 2452403.73 1520.94 875.87 1.4188
2459769.900032 2670602.6 2451960.2 1520.96 875.86 1.4188
2459769.900173 2671932.65 2452810.22 1521.01 875.79 1.4188
2459769.900321 2672012.24 2451942.45 1520.98 875.72 1.4188
2459769.90047 2674057.2 2452348.4 1520.97 875.63 1.4188
2459769.900607 2671474.19 2451896.8 1520.98 875.57 1.4188
2459769.90074 2672058.56 2452451.93 1520.99 875.51 1.4188
2459769.90088 2672361.15 2452209.7 1520.95 875.43 1.4189
2459769.90103 2672196.58 2452880.17 1520.9 875.36 1.4189
2459769.901172 2670497.18 2453678.03 1520.78 875.29 1.4189
2459769.901304 2669967.69 2452809.47 1520.65 875.21 1.4189
2459769.901445 2664762.39 2451421.88 1520.58 875.17 1.4189
2459769.901587 2666312.28 2452465.53 1520.53 875.12 1.4189
2459769.901728 2664958.7 2451663.12 1520.46 875.08 1.419
2459769.901871 2664664.7 2452573.99 1520.41 875.02 1.419
2459769.902013 2664827.89 2452738.93 1520.41 874.98 1.419
2459769.902152 2662413.01 2452915.43 1520.25 874.98 1.419
2459769.902297 2662520.54 2451170.6 1520.08 874.98 1.4191
2459769.902442 2664413.71 2451379.96 1519.93 874.96 1.4191
2459769.90258 2669193.55 2450691.29 1519.88 874.91 1.4191
2459769.902718 2667183.77 2450516.46 1519.79 874.86 1.4191
2459769.902859 2665258.53 2451110.0 1519.71 874.83 1.4192
2459769.903 2664196.48 2448837.74 1519.64 874.79 1.4192
2459769.903144 2666805.11 2452298.25 1519.55 874.74 1.4192
2459769.903286 2664887.49 2451448.46 1519.44 874.69 1.4193
2459769.903425 2664473.3 2449658.31 1519.42 874.63 1.4193
2459769.903566 2663488.56 2449747.78 1519.4 874.56 1.4193
2459769.903707 2660108.72 2450009.07 1519.31 874.51 1.4194
2459769.90385 2662289.82 2452614.95 1519.09 874.46 1.4194
2459769.903992 2654373.4 2451605.91 1518.84 874.43 1.4195
2459769.904132 2660636.71 2452234.51 1518.71 874.37 1.4195
2459769.904272 2658679.28 2450511.38 1518.64 874.31 1.4195
2459769.904416 2658831.16 2449695.4 1518.6 874.23 1.4196
2459769.904557 2658691.61 2448936.0 1518.58 874.14 1.4196
2459769.904696 2653526.25 2450139.31 1518.53 874.07 1.4197
2459769.904837 2640116.74 2447375.58 1518.39 874.01 1.4197
2459769.904979 2646557.75 2450017.11 1518.24 873.93 1.4198
2459769.90512 2648945.53 2448996.57 1518.05 873.86 1.4198
2459769.905261 2647006.13 2447385.22 1517.91 873.79 1.4199
2459769.905404 2655167.21 2447240.83 1517.97 873.7 1.42
2459769.905544 2650054.29 2448189.87 1517.97 873.61 1.42
2459769.905686 2643876.63 2446566.18 1517.79 873.54 1.4201
2459769.90583 2652755.32 2449637.23 1517.66 873.44 1.4201
2459769.905973 2645717.63 2446561.06 1517.53 873.35 1.4202
2459769.906116 2644697.46 2448896.48 1517.46 873.26 1.4202
2459769.906258 2633526.01 2447509.94 1517.28 873.17 1.4203
2459769.906396 2650047.7 2449941.66 1517.18 873.06 1.4204
2459769.906535 2650413.13 2448996.44 1517.06 872.94 1.4204
2459769.906675 2644608.75 2445679.13 1516.9 872.83 1.4205
2459769.906816 2633994.39 2446570.66 1516.76 872.74 1.4206
2459769.906957 2625561.17 2446161.43 1516.59 872.66 1.4206
2459769.907104 2621741.19 2445505.98 1516.39 872.58 1.4207
2459769.907245 2624623.97 2444977.71 1516.25 872.48 1.4208
2459769.907381 2636455.37 2446465.0 1516.08 872.36 1.4209
2459769.907524 2629351.6 2445943.3 1515.85 872.25 1.4209
2459769.907664 2620854.39 2445951.66 1515.64 872.14 1.421
2459769.907806 2626468.42 2443935.18 1515.52 872.02 1.4211
2459769.907948 2621823.74 2444377.49 1515.39 871.89 1.4212
2459769.90809 2620923.11 2444925.78 1515.15 871.78 1.4212
2459769.908233 2620223.44 2446530.74 1514.89 871.67 1.4213
2459769.908374 2619608.65 2444862.05 1514.77 871.55 1.4214
2459769.908512 2619214.47 2444264.4 1514.65 871.42 1.4215
2459769.908654 2619148.89 2443220.47 1514.48 871.28 1.4216
2459769.908795 2615973.72 2443422.28 1514.32 871.14 1.4217
2459769.908936 2610634.75 2443797.41 1514.12 871.01 1.4218
2459769.909084 2604752.69 2444414.7 1513.86 870.89 1.4218
2459769.909232 2601056.06 2443848.15 1513.59 870.83 1.4219
2459769.90937 2598880.08 2444886.74 1513.3 870.77 1.422
2459769.909506 2606476.57 2445396.61 1513.02 870.66 1.4221
2459769.909644 2600814.7 2445410.69 1512.72 870.58 1.4222
2459769.909784 2600038.28 2445522.65 1512.47 870.48 1.4223
2459769.90993 2597302.64 2444561.74 1512.25 870.38 1.4224
2459769.910072 2599736.54 2444607.12 1512.04 870.27 1.4225
2459769.910208 2601816.41 2444423.25 1511.85 870.14 1.4226
2459769.91035 2598994.92 2443667.37 1511.72 870.01 1.4227
2459769.910491 2596352.24 2442837.91 1511.6 869.88 1.4228
2459769.910632 2601797.56 2444015.42 1511.44 869.76 1.4229
2459769.910774 2599935.01 2443158.72 1511.28 869.64 1.423
2459769.910915 2596246.58 2443343.95 1511.12 869.54 1.4231
2459769.911059 2595137.88 2442713.54 1511.0 869.43 1.4232
2459769.9112 2591686.16 2440164.07 1510.87 869.32 1.4233
2459769.911339 2591298.55 2441180.71 1510.78 869.19 1.4235
2459769.91148 2588310.83 2440707.99 1510.62 869.09 1.4236
2459769.911622 2589636.91 2438798.17 1510.49 868.97 1.4237
2459769.911763 2590020.01 2442693.89 1510.29 868.9 1.4238
2459769.911904 2587297.9 2440712.73 1510.12 868.86 1.4239
2459769.912046 2587814.43 2440022.27 1509.98 868.79 1.424
2459769.912187 2588737.14 2441347.12 1509.9 868.72 1.4241
2459769.912331 2586096.27 2439867.47 1509.81 868.66 1.4243
2459769.912472 2587393.42 2439432.64 1509.71 868.58 1.4244
2459769.912614 2585507.7 2440218.34 1509.63 868.52 1.4245
2459769.912755 2587596.72 2441444.56 1509.48 868.44 1.4246
2459769.912894 2589305.6 2442084.7 1509.35 868.35 1.4248
2459769.913038 2587842.13 2440965.61 1509.22 868.24 1.4249
2459769.91318 2585087.06 2437703.73 1509.12 868.13 1.425
2459769.913318 2586707.97 2439073.27 1509.0 867.99 1.4252
2459769.913459 2584480.95 2436514.63 1508.89 867.9 1.4253
2459769.9136 2586036.59 2438187.0 1508.79 867.81 1.4254
2459769.913746 2585844.46 2438188.55 1508.68 867.71 1.4255
2459769.913887 2583541.99 2438763.61 1508.51 867.64 1.4257
2459769.914024 2582755.87 2436669.32 1508.36 867.57 1.4258
2459769.914166 2583664.61 2438865.67 1508.16 867.49 1.426
2459769.914307 2583456.44 2436961.4 1508.0 867.38 1.4261
2459769.914453 2582826.85 2438047.91 1507.82 867.28 1.4262
2459769.914597 2580259.97 2436833.16 1507.7 867.19 1.4264
2459769.914734 2580769.53 2438343.5 1507.6 867.1 1.4265
2459769.914872 2580560.8 2437577.93 1507.47 867.01 1.4267
2459769.915014 2579813.17 2437281.26 1507.33 866.92 1.4268
2459769.915156 2579775.58 2437340.45 1507.18 866.91 1.427
2459769.915297 2577436.97 2436729.59 1507.05 866.89 1.4271
2459769.91544 2578819.99 2436173.67 1506.88 866.85 1.4273
2459769.91558 2577498.47 2438562.47 1506.76 866.83 1.4274
2459769.91572 2577285.42 2439111.17 1506.64 866.82 1.4276
2459769.915862 2577342.34 2437201.23 1506.53 866.82 1.4277
2459769.916003 2578912.19 2437191.95 1506.39 866.8 1.4279
2459769.916144 2577574.29 2437908.27 1506.23 866.79 1.428
2459769.916286 2579623.46 2437656.92 1506.02 866.74 1.4282
2459769.916427 2579422.82 2438040.37 1505.82 866.67 1.4283
2459769.916506 2578420.59 2440523.72 1505.69 866.6 1.4284
