2459769.865829 9267223.44 8398926.29 1826.27 1343.31 1.4593
2459769.865971 9265726.08 8402072.96 1826.57 1342.78 1.459
2459769.866112 9260294.84 8398733.18 1827.16 1342.41 1.4587
2459769.866253 9258730.55 8399084.49 1827.72 1342.08 1.4583
2459769.866395 9251580.64 8394922.94 1828.42 1341.72 1.458
2459769.866536 9263789.91 8401299.63 1828.93 1341.5 1.4577
2459769.866677 9269858.96 8398157.34 1829.37 1341.09 1.4573
2459769.866819 9269399.31 8401743.93 1829.65 1340.69 1.457
2459769.86696 9277864.16 8406427.0 1829.89 1340.33 1.4567
2459769.867101 9284149.09 8406337.97 1830.16 1339.97 1.4564
2459769.867243 9283756.91 8408442.19 1830.34 1339.61 1.4561
2459769.867384 9282179.08 8410180.1 1830.47 1339.23 1.4557
2459769.867525 9270056.15 8406280.27 1830.5 1339.04 1.4554
2459769.867667 9270491.89 8411523.01 1830.62 1338.86 1.4551
2459769.867808 9273241.08 8402381.1 1830.88 1338.67 1.4548
2459769.867949 9277453.54 8409238.03 1831.11 1338.53 1.4545
2459769.868091 9288815.33 8416417.36 1830.99 1338.37 1.4542
2459769.868232 9285340.95 8415980.95 1831.03 1338.28 1.4539
2459769.868373 9284298.11 8412349.29 1830.93 1338.21 1.4536
2459769.868515 9281435.67 8412758.63 1830.88 1338.1 1.4533
2459769.868656 9290865.63 8418202.95 1830.78 1338.01 1.453
2459769.868797 9288152.97 8418763.32 1830.64 1337.93 1.4527
2459769.868939 9280888.67 8412782.75 1830.53 1338.02 1.4524
2459769.86908 9275094.28 8411462.34 1830.44 1338.02 1.4521
2459769.869221 9280232.31 8413868.24 1830.35 1338.07 1.4518
2459769.869363 9281167.82 8409980.65 1830.27 1338.06 1.4515
2459769.869504 9280673.58 8409051.1 1830.26 1338.14 1.4512
2459769.869645 9285592.06 8413816.28 1830.21 1338.12 1.4509
2459769.869787 9281960.4 8405724.57 1830.2 1338.1 1.4506
2459769.869928 9278817.55 8407351.56 1830.08 1338.1 1.4503
2459769.870069 9286693.93 8416429.72 1829.76 1338.11 1.45
2459769.870211 9285119.11 8413751.86 1829.63 1338.11 1.4497
2459769.870352 9286994.64 8417287.67 1829.33 1338.15 1.4495
2459769.870493 9288972.07 8415045.86 1829.08 1338.18 1.4492
2459769.870635 9288103.4 8413643.85 1828.88 1338.25 1.4489
2459769.870776 9289046.81 8413199.78 1828.87 1338.35 1.4486
2459769.870918 9291976.11 8408430.4 1828.96 1338.36 1.4483
2459769.871059 9281693.83 8406982.73 1829.03 1338.44 1.448
2459769.8712 9287467.94 8412033.04 1828.88 1338.52 1.4478
2459769.871342 9289883.43 8412081.14 1828.89 1338.62 1.4475
2459769.871483 9289733.61 8408862.88 1828.8 1338.71 1.4472
2459769.871624 9294951.43 8417543.13 1828.69 1338.86 1.447
2459769.871766 9293360.1 8413955.56 1828.64 1338.95 1.4467
2459769.871907 9275586.91 8412702.08 1828.53 1339.24 1.4464
2459769.872048 9287571.81 8409984.33 1828.41 1339.29 1.4461
2459769.87219 9297068.19 8414517.61 1828.19 1339.37 1.4459
2459769.872331 9296664.54 8410463.14 1827.93 1339.34 1.4456
2459769.872472 9294723.8 8412424.34 1827.77 1339.4 1.4454
2459769.872614 9294940.99 8412398.73 1827.56 1339.42 1.4451
2459769.872755 9297602.32 8411117.2 1827.45 1339.47 1.4448
2459769.872896 9296092.55 8410345.32 1827.21 1339.59 1.4446
2459769.873038 9295152.56 8404681.09 1827.14 1339.66 1.4443
2459769.873179 9303948.39 8411691.84 1826.95 1339.68 1.4441
2459769.87332 9302072.77 8408722.76 1826.8 1339.72 1.4438
2459769.873462 9300035.08 8405205.96 1826.62 1339.75 1.4435
2459769.873603 9297326.76 8404752.68 1826.56 1339.71 1.4433
2459769.873744 9290006.88 8394492.09 1826.58 1339.61 1.443
2459769.873886 9296146.0 8398586.6 1826.4 1339.49 1.4428
2459769.874027 9294048.08 8397215.95 1826.18 1339.36 1.4426
2459769.874168 9301017.43 8402057.22 1825.84 1339.29 1.4423
2459769.87431 9297296.48 8401750.44 1825.6 1339.15 1.4421
2459769.874451 9295354.12 8403482.38 1825.27 1339.16 1.4418
2459769.874592 9294149.32 8400746.87 1825.07 1339.2 1.4416
2459769.874734 9297484.45 8405283.77 1824.93 1339.32 1.4413
2459769.874875 9292528.22 8399431.2 1824.93 1339.42 1.4411
2459769.875016 9289904.63 8395324.34 1824.83 1339.39 1.4409
2459769.875158 9298754.31 8402223.52 1824.81 1339.38 1.4406
2459769.875299 9299160.52 8405618.79 1824.67 1339.53 1.4404
2459769.87544 9298986.58 8402826.09 1824.4 1339.68 1.4402
2459769.875582 9300146.47 8398746.27 1824.05 1339.71 1.4399
2459769.875723 9293684.01 8394818.47 1823.91 1339.81 1.4397
2459769.875864 9296530.32 8399193.19 1823.87 1339.92 1.4395
2459769.876006 9303616.15 8401508.21 1823.85 1340.01 1.4392
2459769.876147 9300007.44 8396836.0 1823.86 1339.93 1.439
2459769.876288 9293360.27 8394085.81 1823.82 1339.99 1.4388
2459769.87643 9302835.43 8401655.76 1823.58 1340.09 1.4386
2459769.876571 9301068.0 8397632.8 1823.46 1339.9 1.4383
2459769.876712 9308634.03 8405459.13 1823.31 1339.84 1.4381
2459769.876854 9306341.09 8401610.65 1823.18 1339.89 1.4379
2459769.876995 9303851.7 8402697.27 1823.08 1340.19 1.4377
2459769.877136 9305323.14 8402025.07 1822.82 1340.37 1.4375
2459769.877278 9304138.25 8396476.3 1822.6 1340.41 1.4373
2459769.877419 9305730.83 8395491.06 1822.44 1340.41 1.437
2459769.87756 9307519.48 8397528.24 1822.32 1340.37 1.4368
2459769.877702 9300476.26 8390180.01 1822.26 1340.33 1.4366
2459769.877843 9311700.66 8399669.73 1822.06 1340.33 1.4364
2459769.877984 9308163.46 8397811.85 1821.83 1340.22 1.4362
2459769.878126 9310727.35 8400411.79 1821.68 1340.15 1.436
2459769.878267 9308841.28 8400716.68 1821.56 1340.17 1.4358
2459769.878408 9310010.12 8397171.62 1821.45 1340.24 1.4356
2459769.87855 9308027.22 8398405.51 1821.34 1340.35 1.4354
2459769.878691 9310105.96 8399769.79 1821.12 1340.47 1.4352
2459769.878832 9300992.07 8389941.7 1820.98 1340.64 1.435
2459769.878974 9298342.22 8390076.5 1820.95 1340.84 1.4348
2459769.879115 9298815.6 8390066.31 1820.94 1341.06 1.4346
2459769.879256 9301878.67 8392189.13 1820.8 1341.09 1.4344
2459769.879398 9299481.56 8392240.46 1820.74 1341.19 1.4342
2459769.879539 9293490.49 8387910.33 1820.62 1341.29 1.434
2459769.87968 9300078.27 8387291.77 1820.79 1341.36 1.4338
2459769.879822 9302056.51 8387506.03 1820.86 1341.5 1.4336
2459769.879963 9301226.12 8389915.37 1820.89 1341.59 1.4335
2459769.880104 9301893.55 8391187.2 1820.9 1341.66 1.4333
2459769.880246 9300185.24 8393459.93 1820.83 1341.85 1.4331
2459769.880387 9297649.61 8389035.97 1820.6 1342.14 1.4329
2459769.880528 9304258.52 8391494.43 1820.29 1342.14 1.4327
2459769.88067 9305780.67 8389415.92 1820.08 1342.13 1.4325
2459769.880811 9311247.73 8393109.64 1819.69 1342.01 1.4324
2459769.880953 9300488.04 8385770.9 1819.59 1341.85 1.4322
2459769.881094 9304621.53 8389129.39 1819.45 1341.76 1.432
2459769.881235 9310069.37 8394939.36 1819.19 1341.63 1.4318
2459769.881377 9308043.55 8393221.51 1819.04 1341.54 1.4317
2459769.881518 9303357.23 8385902.51 1818.97 1341.48 1.4315
2459769.881659 9306070.45 8386718.18 1818.91 1341.28 1.4313
2459769.881801 9304221.91 8387459.21 1818.85 1341.16 1.4311
2459769.881942 9305738.61 8387480.47 1818.71 1341.05 1.431
2459769.882083 9304625.14 8391260.25 1818.62 1340.89 1.4308
2459769.882225 9306517.85 8391285.0 1818.5 1340.85 1.4306
2459769.882366 9304103.43 8386936.45 1818.41 1340.75 1.4305
2459769.882507 9311611.19 8391824.82 1818.2 1340.62 1.4303
2459769.882649 9312661.34 8390231.78 1817.99 1340.49 1.4302
2459769.88279 9312774.66 8392801.93 1817.79 1340.41 1.43
2459769.882931 9301615.74 8386173.99 1817.78 1340.44 1.4298
2459769.883073 9298632.78 8384392.64 1817.74 1340.47 1.4297
2459769.883214 9297636.04 8381887.23 1817.73 1340.58 1.4295
2459769.883355 9300229.1 8385066.7 1817.72 1340.62 1.4294
2459769.883497 9302353.37 8381738.38 1817.75 1340.59 1.4292
2459769.883638 9312005.48 8393759.85 1817.68 1340.61 1.4291
2459769.883779 9306109.67 8387966.11 1817.52 1340.76 1.4289
2459769.883921 9306797.09 8387103.91 1817.37 1341.04 1.4288
2459769.884062 9299632.82 8383342.22 1817.34 1341.27 1.4286
2459769.884203 9304048.93 8382533.78 1817.29 1341.27 1.4285
2459769.884345 9303594.6 8379866.24 1817.17 1341.37 1.4283
2459769.884486 9297179.8 8378977.26 1816.95 1341.61 1.4282
2459769.884627 9304858.28 8387030.24 1816.78 1341.82 1.428
2459769.884769 9295528.44 8379684.8 1816.75 1341.97 1.4279
2459769.88491 9299060.94 8378568.23 1816.7 1341.99 1.4278
2459769.885051 9298090.51 8377102.82 1816.67 1342.17 1.4276
2459769.885193 9304592.51 8381910.49 1816.56 1342.12 1.4275
2459769.885334 9302160.98 8382318.84 1816.47 1342.12 1.4273
2459769.885475 9299045.37 8377698.64 1816.32 1342.02 1.4272
2459769.885617 9300362.95 8379451.02 1816.07 1341.95 1.4271
2459769.885758 9302888.3 8381218.15 1815.79 1341.97 1.427
2459769.885899 9307441.78 8385869.47 1815.58 1341.99 1.4268
2459769.886041 9299828.9 8382562.35 1815.42 1342.04 1.4267
2459769.886182 9292062.22 8380016.77 1815.35 1342.04 1.4266
2459769.886323 9293911.6 8380229.32 1815.34 1342.14 1.4264
2459769.886465 9292079.19 8378583.54 1815.34 1342.13 1.4263
2459769.886606 9298484.16 8382286.23 1815.32 1342.14 1.4262
2459769.886747 9295522.66 8378916.79 1815.23 1342.07 1.4261
2459769.886889 9284481.15 8367905.82 1815.15 1342.01 1.426
2459769.88703 9290044.49 8374579.1 1815.03 1342.1 1.4258
2459769.887171 9288601.0 8370000.03 1814.85 1342.08 1.4257
2459769.887313 9232634.67 8376199.83 1814.75 1342.13 1.4256
2459769.887454 8975148.32 8373037.61 1814.67 1342.06 1.4255
2459769.887595 8821418.46 8363382.0 1814.82 1341.92 1.4254
2459769.887737 8720544.91 8355087.23 1815.16 1341.79 1.4253
2459769.887878 8678114.82 8354089.28 1815.39 1341.61 1.4251
2459769.888019 8665814.81 8350432.44 1815.73 1341.35 1.425
2459769.888161 8664155.4 8359295.61 1815.97 1341.11 1.4249
2459769.888302 8653794.03 8355114.19 1816.25 1340.83 1.4248
2459769.888443 8649114.88 8356494.76 1816.49 1340.69 1.4247
2459769.888585 8654383.41 8361382.41 1816.73 1340.52 1.4246
2459769.888726 8654304.94 8359815.23 1817.01 1340.29 1.4245
2459769.888868 8646073.98 8354329.73 1817.37 1340.05 1.4244
2459769.889009 8642427.88 8346698.81 1817.79 1339.77 1.4243
2459769.88915 8644190.11 8345033.46 1818.16 1339.6 1.4242
2459769.889291 8650889.55 8354849.87 1818.41 1339.38 1.4241
2459769.889433 8657444.92 8362733.95 1818.6 1339.14 1.424
2459769.889574 8659071.35 8360789.35 1818.74 1338.89 1.4239
2459769.889716 8660294.2 8363916.81 1818.9 1338.69 1.4238
2459769.889857 8671253.24 8370648.78 1819.04 1338.55 1.4237
2459769.889998 8657353.52 8362731.29 1819.19 1338.38 1.4236
2459769.89014 8663467.34 8365944.78 1819.3 1338.18 1.4236
2459769.890281 8667706.22 8363476.35 1819.43 1338.01 1.4235
2459769.890422 8668006.72 8362212.69 1819.61 1337.86 1.4234
2459769.890564 8686623.21 8370283.36 1819.7 1337.75 1.4233
2459769.890705 8733916.08 8369680.65 1819.81 1337.74 1.4232
2459769.890846 8815752.92 8376463.6 1819.89 1337.89 1.4231
2459769.890988 8922079.12 8376415.77 1820.02 1338.1 1.4231
2459769.891129 9184183.19 8371466.25 1820.54 1338.66 1.423
2459769.89127 9293189.49 8379143.81 1820.54 1339.1 1.4229
2459769.891412 9308443.09 8386939.29 1819.92 1339.58 1.4228
2459769.891553 9307987.22 8389268.6 1819.2 1340.1 1.4227
2459769.891694 9309812.93 8389774.99 1818.35 1340.46 1.4227
2459769.891836 9314998.0 8389654.7 1817.49 1340.73 1.4226
2459769.891977 9310796.21 8384947.81 1816.75 1340.89 1.4225
2459769.892118 9299732.36 8381099.29 1816.13 1341.15 1.4225
2459769.89226 9304643.42 8377162.92 1815.49 1341.25 1.4224
2459769.892401 9301892.58 8380480.1 1815.01 1341.47 1.4223
2459769.892542 9301908.96 8378099.1 1814.48 1341.72 1.4222
2459769.892684 9307420.48 8382103.49 1813.93 1341.84 1.4222
2459769.892825 9307049.32 8378231.79 1813.55 1342.07 1.4221
2459769.892966 9302506.97 8375134.84 1813.08 1342.26 1.4221
2459769.893108 9301510.48 8372367.4 1812.59 1342.29 1.422
2459769.893249 9305758.94 8375093.57 1812.28 1342.37 1.4219
2459769.89339 9302611.3 8372404.39 1812.02 1342.48 1.4219
2459769.893532 9304034.24 8374374.8 1811.78 1342.59 1.4218
2459769.893673 9301917.38 8372447.38 1811.64 1342.72 1.4218
2459769.893814 9310082.12 8376104.94 1811.47 1342.83 1.4217
2459769.893956 9308486.59 8375763.95 1811.41 1343.02 1.4217
2459769.894097 9298931.68 8369975.74 1811.41 1343.15 1.4216
2459769.894238 9302525.48 8373742.4 1811.21 1343.26 1.4216
2459769.89438 9303363.63 8369239.25 1810.93 1343.35 1.4215
2459769.894521 9305973.79 8375111.42 1810.87 1343.36 1.4215
2459769.894662 9306845.81 8374351.94 1810.73 1343.41 1.4214
2459769.894804 9304088.84 8372867.3 1810.71 1343.52 1.4214
2459769.894945 9303610.16 8370870.83 1810.75 1343.6 1.4213
2459769.895086 9309901.98 8376444.09 1810.62 1343.8 1.4213
2459769.895228 9308146.81 8376741.66 1810.53 1343.98 1.4212
2459769.895369 9303975.99 8368524.28 1810.59 1344.18 1.4212
2459769.89551 9305093.78 8378919.78 1810.42 1344.37 1.4212
2459769.895652 9304734.75 8373734.56 1810.3 1344.45 1.4211
2459769.895793 9301637.03 8370429.73 1810.15 1344.61 1.4211
2459769.895934 9298865.37 8369331.3 1810.04 1344.79 1.4211
2459769.896076 9297590.89 8369043.82 1809.93 1344.89 1.421
2459769.896217 9301534.64 8369924.08 1809.95 1344.9 1.421
2459769.896358 9296158.05 8365638.94 1809.99 1344.87 1.421
2459769.8965 9299016.71 8367623.02 1809.93 1344.87 1.4209
2459769.896641 9290748.45 8362471.7 1809.96 1344.84 1.4209
2459769.896782 9293762.33 8362227.6 1809.93 1344.82 1.4209
2459769.896924 9298590.47 8368564.33 1809.91 1344.79 1.4209
2459769.897065 9292310.74 8360247.8 1809.84 1344.79 1.4208
2459769.897206 9297092.57 8365519.67 1809.72 1344.85 1.4208
2459769.897348 9296648.21 8365194.81 1809.52 1344.8 1.4208
2459769.897489 9296627.1 8365656.33 1809.34 1344.9 1.4208
2459769.89763 9292444.97 8366549.03 1809.18 1345.13 1.4207
2459769.897772 9295796.87 8365189.0 1809.03 1345.1 1.4207
2459769.897913 9292207.48 8363965.57 1808.78 1345.15 1.4207
2459769.898054 9293897.79 8366333.76 1808.72 1345.19 1.4207
2459769.898196 9294331.2 8364847.89 1808.71 1345.13 1.4207
2459769.898337 9289013.92 8358782.16 1808.69 1345.05 1.4207
2459769.898478 9288293.48 8356508.5 1808.69 1345.0 1.4207
2459769.89862 9288064.53 8357315.79 1808.63 1344.97 1.4207
2459769.898761 9284826.81 8353729.11 1808.45 1345.05 1.4206
2459769.898902 9296399.7 8361864.29 1808.37 1345.02 1.4206
2459769.899044 9285360.27 8355442.82 1808.35 1345.04 1.4206
2459769.899185 9282924.84 8357584.98 1808.19 1345.05 1.4206
2459769.899326 9282833.51 8351882.62 1808.08 1345.06 1.4206
2459769.899468 9281048.02 8351232.65 1808.0 1345.0 1.4206
2459769.899609 9279345.22 8353179.21 1807.81 1344.98 1.4206
2459769.89975 9280387.44 8354564.9 1807.66 1345.06 1.4206
2459769.899892 9283109.6 8356555.4 1807.49 1345.03 1.4206
2459769.900033 9273906.57 8348232.38 1807.54 1344.97 1.4206
2459769.900175 9277384.54 8352489.06 1807.61 1345.18 1.4206
2459769.900316 9278731.01 8356003.26 1807.72 1345.28 1.4207
2459769.900457 9285636.51 8358066.26 1807.67 1345.45 1.4207
2459769.900599 9275038.77 8349341.1 1807.68 1345.54 1.4207
2459769.90074 9276800.17 8352509.11 1807.7 1345.61 1.4207
2459769.900881 9279399.21 8354166.72 1807.61 1345.75 1.4207
2459769.901023 9275127.35 8352988.2 1807.51 1345.84 1.4207
2459769.901164 9274515.65 8349826.11 1807.28 1345.91 1.4207
2459769.901305 9272931.36 8348300.5 1807.05 1346.0 1.4207
2459769.901447 9272140.39 8347184.38 1806.97 1345.87 1.4208
2459769.901588 9275708.79 8351327.25 1807.02 1345.86 1.4208
2459769.901729 9272326.62 8349486.97 1806.94 1345.83 1.4208
2459769.901871 9275871.81 8351471.96 1807.0 1345.86 1.4208
2459769.902012 9274133.21 8348474.41 1807.09 1345.84 1.4208
2459769.902153 9278052.42 8348827.02 1806.97 1345.77 1.4209
2459769.902295 9278904.91 8352519.59 1806.92 1345.74 1.4209
2459769.902436 9274874.54 8348642.91 1806.88 1345.76 1.4209
2459769.902577 9277269.52 8351789.34 1806.82 1345.9 1.4209
2459769.902719 9275286.21 8351702.14 1806.67 1346.06 1.421
2459769.90286 9276209.96 8351544.38 1806.59 1346.03 1.421
2459769.903001 9269745.27 8345230.48 1806.53 1346.04 1.421
2459769.903143 9275302.67 8350445.16 1806.43 1346.06 1.4211
2459769.903284 9279203.61 8353559.45 1806.3 1346.08 1.4211
2459769.903425 9273816.7 8347168.7 1806.34 1346.13 1.4211
2459769.903567 9272209.12 8349815.97 1806.37 1346.19 1.4212
2459769.903708 9277096.63 8351005.39 1806.33 1346.18 1.4212
2459769.903849 9282891.45 8358604.37 1806.02 1346.15 1.4213
2459769.903991 9283238.31 8356997.44 1805.73 1346.01 1.4213
2459769.904132 9277047.84 8355154.82 1805.52 1346.0 1.4213
2459769.904273 9272983.38 8348001.56 1805.46 1346.0 1.4214
2459769.904415 9265937.1 8344451.45 1805.43 1346.07 1.4214
2459769.904556 9263078.8 8342342.59 1805.45 1346.15 1.4215
2459769.904697 9257393.39 8336754.39 1805.47 1346.14 1.4215
2459769.904839 9270120.81 8349376.33 1805.41 1345.98 1.4216
2459769.90498 9266604.79 8347991.62 1805.27 1346.02 1.4216
2459769.905121 9258025.32 8341134.55 1805.13 1346.02 1.4217
2459769.905263 9254931.36 8337631.81 1805.14 1346.02 1.4217
2459769.905404 9257073.73 8340665.12 1805.27 1346.18 1.4218
2459769.905545 9262294.2 8343727.31 1805.36 1346.27 1.4219
2459769.905687 9262094.77 8341560.1 1805.14 1346.27 1.4219
2459769.905828 9256323.0 8339106.66 1804.93 1346.4 1.422
2459769.905969 9258131.06 8341706.77 1804.89 1346.49 1.422
2459769.906111 9252250.1 8335301.34 1804.97 1346.57 1.4221
2459769.906252 9258560.4 8338619.31 1804.95 1346.54 1.4222
2459769.906393 9258605.71 8340947.65 1804.9 1346.71 1.4222
2459769.906535 9260661.87 8344308.58 1804.79 1346.93 1.4223
2459769.906676 9247505.18 8338485.12 1804.77 1347.11 1.4224
2459769.906817 9251073.8 8332415.92 1804.78 1347.07 1.4224
2459769.906959 9253672.65 8335099.96 1804.82 1346.93 1.4225
2459769.9071 9255781.0 8338790.03 1804.84 1346.88 1.4226
2459769.907241 9247911.99 8333479.44 1804.92 1346.91 1.4226
2459769.907383 9253456.48 8338295.98 1804.8 1347.09 1.4227
2459769.907524 9249395.26 8334145.82 1804.61 1347.11 1.4228
2459769.907666 9255221.7 8338138.23 1804.39 1347.06 1.4229
2459769.907807 9243048.92 8332837.45 1804.29 1347.12 1.4229
2459769.907948 9244647.38 8331825.39 1804.19 1347.16 1.423
2459769.90809 9250442.32 8333726.71 1804.02 1347.2 1.4231
2459769.908231 9246415.06 8334086.94 1803.83 1347.23 1.4232
2459769.908372 9238535.86 8329192.73 1803.86 1347.31 1.4233
2459769.908514 9235216.64 8326030.22 1803.88 1347.42 1.4233
2459769.908655 9237714.8 8333004.65 1803.74 1347.58 1.4234
2459769.908796 9240734.03 8330245.64 1803.68 1347.71 1.4235
2459769.908938 9245255.43 8334416.48 1803.58 1347.79 1.4236
2459769.909079 9244548.57 8333268.43 1803.42 1347.79 1.4237
2459769.90922 9248775.82 8332210.67 1803.21 1347.71 1.4238
2459769.909362 9242717.13 8329349.11 1803.0 1347.6 1.4239
2459769.909503 9243145.01 8330738.84 1802.73 1347.66 1.424
2459769.909644 9240124.87 8328869.06 1802.59 1347.63 1.4241
2459769.909786 9240765.23 8330889.25 1802.4 1347.64 1.4242
2459769.909927 9237196.2 8328046.48 1802.29 1347.65 1.4243
2459769.910068 9233426.02 8328474.34 1802.17 1347.67 1.4244
2459769.91021 9225382.14 8326524.39 1802.06 1347.78 1.4245
2459769.910351 9227037.85 8325456.03 1801.98 1347.87 1.4246
2459769.910492 9222653.34 8324841.64 1802.02 1347.98 1.4247
2459769.910634 9223892.19 8328903.09 1801.93 1348.17 1.4248
2459769.910775 9217211.97 8321468.13 1801.92 1348.27 1.4249
2459769.910916 9217740.18 8322531.2 1801.94 1348.28 1.425
2459769.911058 9211979.7 8319924.81 1802.07 1348.31 1.4251
2459769.911199 9212112.19 8319021.37 1802.11 1348.35 1.4252
2459769.91134 9211827.53 8316920.23 1802.09 1348.42 1.4253
2459769.911482 9210962.99 8318093.44 1801.94 1348.38 1.4254
2459769.911623 9209853.87 8317730.77 1801.93 1348.41 1.4255
2459769.911764 9212222.57 8320646.02 1801.82 1348.43 1.4257
2459769.911906 9207539.12 8316312.69 1801.8 1348.35 1.4258
2459769.912047 9204057.61 8316116.9 1801.85 1348.37 1.4259
2459769.912188 9206801.6 8316707.72 1801.88 1348.39 1.426
2459769.91233 9206022.63 8315107.91 1801.89 1348.36 1.4261
2459769.912471 9203717.38 8317225.18 1801.89 1348.38 1.4263
2459769.912612 9203053.44 8312396.69 1801.95 1348.34 1.4264
2459769.912754 9208637.42 8318132.57 1801.84 1348.36 1.4265
2459769.912895 9201667.71 8313041.52 1801.79 1348.43 1.4266
2459769.913036 9198387.72 8313848.26 1801.73 1348.55 1.4268
2459769.913178 9195985.0 8311290.55 1801.75 1348.68 1.4269
2459769.913319 9195943.87 8316175.74 1801.71 1348.88 1.427
2459769.91346 9192487.13 8311524.65 1801.75 1349.06 1.4272
2459769.913602 9196014.66 8313093.86 1801.67 1349.16 1.4273
2459769.913743 9196840.68 8311716.75 1801.57 1349.28 1.4274
2459769.913884 9203060.36 8311302.26 1801.36 1349.32 1.4276
2459769.914026 9199498.42 8312183.12 1801.2 1349.36 1.4277
2459769.914167 9209538.36 8320952.18 1800.91 1349.42 1.4278
2459769.914308 9190886.63 8312302.41 1800.81 1349.54 1.428
2459769.91445 9196474.81 8314963.5 1800.69 1349.62 1.4281
2459769.914591 9191712.79 8310754.73 1800.56 1349.67 1.4283
2459769.914732 9193334.83 8310769.72 1800.48 1349.72 1.4284
2459769.914874 9193152.55 8316532.16 1800.35 1349.78 1.4286
2459769.915015 9192977.56 8310181.01 1800.2 1349.84 1.4287
2459769.915156 9190550.96 8303764.53 1800.03 1349.84 1.4288
2459769.915298 9182275.61 8302699.33 1799.92 1349.84 1.429
2459769.915439 9184634.52 8306115.97 1799.8 1349.88 1.4291
2459769.91558 9184321.65 8305222.79 1799.66 1349.84 1.4293
2459769.915722 9180309.58 8302461.74 1799.53 1349.77 1.4295
2459769.915863 9184259.75 8304728.86 1799.43 1349.67 1.4296
2459769.916004 9186001.17 8308093.38 1799.24 1349.65 1.4298
2459769.916146 9186901.7 8307334.16 1799.03 1349.57 1.4299
2459769.916287 9184414.24 8308390.13 1798.73 1349.61 1.4301
2459769.916423 9183592.53 8309944.18 1798.53 1349.68 1.4302
