2459769.865828 2885223.39 2384570.33 1429.98 883.89 1.4572
2459769.865972 2883971.72 2384078.53 1430.15 883.86 1.4569
2459769.866113 2885612.26 2383491.01 1430.52 883.76 1.4566
2459769.866252 2884706.68 2384915.12 1430.95 883.61 1.4563
2459769.866394 2883702.56 2385323.18 1431.57 883.5 1.4559
2459769.866535 2886281.28 2386995.09 1431.86 883.34 1.4556
2459769.866676 2885747.69 2387128.81 1432.05 883.38 1.4553
2459769.866817 2887044.15 2385144.83 1431.99 883.43 1.455
2459769.866962 2890025.86 2387206.87 1432.05 883.54 1.4546
2459769.867104 2893252.15 2386825.98 1431.97 883.65 1.4543
2459769.867241 2891977.62 2386056.08 1432.05 883.85 1.454
2459769.867383 2888990.52 2387312.76 1431.9 884.06 1.4537
2459769.867524 2888250.96 2384261.01 1431.82 883.92 1.4534
2459769.867666 2885622.08 2381862.13 1431.83 883.92 1.4531
2459769.867808 2888682.17 2385615.67 1432.03 884.04 1.4528
2459769.867948 2889699.17 2387662.14 1432.04 883.95 1.4525
2459769.868091 2893569.63 2387579.39 1431.71 884.05 1.4521
2459769.868233 2895251.5 2386618.74 1431.65 883.92 1.4518
2459769.868372 2893309.57 2387778.67 1431.54 883.94 1.4515
2459769.868514 2892989.78 2387726.92 1431.38 883.99 1.4512
2459769.868656 2896199.54 2387225.35 1431.16 884.03 1.4509
2459769.868796 2893987.04 2385323.08 1430.91 883.9 1.4506
2459769.868939 2892115.83 2384288.68 1430.85 883.84 1.4503
2459769.86908 2892171.89 2385902.75 1430.83 883.77 1.45
2459769.86922 2892220.65 2384934.78 1430.79 883.66 1.4498
2459769.869364 2893900.72 2384438.57 1430.8 883.62 1.4494
2459769.869506 2893139.05 2386379.49 1430.89 883.49 1.4491
2459769.869646 2893052.21 2386040.95 1430.96 883.47 1.4489
2459769.869785 2892403.23 2383902.37 1431.07 883.46 1.4486
2459769.86993 2893297.64 2384558.93 1430.86 883.42 1.4483
2459769.87007 2893721.74 2385847.58 1430.6 883.37 1.448
2459769.87021 2892118.61 2383249.93 1430.47 883.33 1.4477
2459769.870352 2893070.61 2385015.53 1430.14 883.25 1.4474
2459769.870498 2891029.56 2384291.43 1429.86 883.18 1.4471
2459769.87064 2894694.48 2383432.44 1429.83 883.08 1.4469
2459769.870779 2892052.99 2383572.31 1429.92 882.94 1.4466
2459769.870918 2892076.75 2381837.98 1430.12 883.07 1.4463
2459769.871057 2891191.51 2383875.1 1430.11 882.95 1.446
2459769.871199 2890641.43 2382812.98 1429.96 883.0 1.4458
2459769.871342 2892418.3 2384487.35 1430.08 882.87 1.4455
2459769.871484 2892163.31 2384084.53 1429.9 882.91 1.4452
2459769.871623 2892770.04 2384235.33 1429.87 882.9 1.445
2459769.871767 2890582.82 2384434.35 1429.92 882.95 1.4447
2459769.871906 2888351.34 2383995.24 1429.85 882.74 1.4444
2459769.872047 2891187.34 2383295.1 1429.83 882.73 1.4442
2459769.872188 2893078.37 2384424.62 1429.7 882.7 1.4439
2459769.87233 2893896.11 2384303.71 1429.54 882.79 1.4436
2459769.872471 2891765.67 2383730.48 1429.37 882.79 1.4434
2459769.872616 2891485.85 2383613.96 1429.16 882.83 1.4431
2459769.87276 2893078.51 2382862.74 1429.05 882.84 1.4428
2459769.872899 2893644.47 2383541.35 1428.8 882.78 1.4426
2459769.873038 2892181.18 2381626.88 1428.94 882.77 1.4423
2459769.873178 2896935.93 2384954.47 1428.96 882.82 1.4421
2459769.873319 2894475.71 2383642.17 1428.91 882.86 1.4418
2459769.87346 2897042.34 2382350.93 1428.81 882.9 1.4416
2459769.873602 2894829.93 2382974.76 1428.85 883.01 1.4413
2459769.873745 2894359.23 2383093.76 1429.0 883.01 1.4411
2459769.873886 2897002.66 2385073.38 1428.75 883.03 1.4408
2459769.874026 2898606.01 2385693.7 1428.66 883.08 1.4406
2459769.874167 2897992.15 2385481.38 1428.42 883.06 1.4403
2459769.87431 2897351.13 2385226.94 1428.18 883.12 1.4401
2459769.874452 2897055.69 2385573.76 1427.83 883.01 1.4398
2459769.874591 2897495.32 2385283.91 1427.83 882.87 1.4396
2459769.874734 2897073.5 2385118.21 1427.87 882.82 1.4394
2459769.874876 2896551.45 2384966.73 1427.95 882.78 1.4391
2459769.875016 2896479.81 2384786.84 1427.93 882.89 1.4389
2459769.875158 2897240.9 2383492.32 1428.01 882.98 1.4387
2459769.8753 2896110.08 2383794.63 1427.76 882.89 1.4384
2459769.875439 2895270.14 2384457.48 1427.55 882.81 1.4382
2459769.87558 2897519.25 2385650.29 1427.28 882.86 1.438
2459769.875722 2897663.35 2384757.85 1427.23 882.84 1.4378
2459769.875863 2898950.17 2385749.82 1427.17 882.8 1.4375
2459769.876004 2899700.8 2385209.19 1427.13 882.79 1.4373
2459769.876146 2898359.41 2384655.74 1427.12 882.85 1.4371
2459769.876293 2897892.71 2384241.65 1427.06 882.85 1.4368
2459769.876442 2898517.64 2385517.89 1426.81 882.84 1.4366
2459769.876578 2896029.05 2385485.22 1426.86 883.01 1.4364
2459769.876712 2899560.64 2385428.71 1426.9 882.97 1.4362
2459769.876852 2901059.37 2385147.46 1426.96 883.0 1.436
2459769.876994 2900982.99 2385164.92 1427.02 882.58 1.4358
2459769.877135 2901959.41 2386394.23 1426.74 882.37 1.4355
2459769.877276 2900326.96 2384837.69 1426.6 882.31 1.4353
2459769.87742 2905665.64 2388527.89 1426.51 882.3 1.4351
2459769.877562 2904012.94 2389407.74 1426.46 882.32 1.4349
2459769.8777 2904046.98 2388884.18 1426.48 882.35 1.4347
2459769.877842 2904899.06 2387271.23 1426.35 882.34 1.4345
2459769.877983 2903589.01 2386017.5 1426.2 882.44 1.4343
2459769.878124 2904744.48 2386090.98 1426.02 882.51 1.4341
2459769.878267 2902633.9 2383808.54 1425.88 882.48 1.4339
2459769.878408 2903033.63 2382785.01 1425.93 882.4 1.4337
2459769.878548 2902420.52 2384688.55 1425.96 882.28 1.4335
2459769.87869 2903079.36 2384751.43 1425.89 882.15 1.4333
2459769.878831 2902155.34 2385488.96 1425.91 881.96 1.4331
2459769.878978 2900689.41 2385471.54 1425.93 881.91 1.4329
2459769.879121 2902338.2 2384565.03 1425.96 881.84 1.4327
2459769.879258 2903842.7 2386787.52 1425.87 881.87 1.4325
2459769.879398 2904175.64 2387172.6 1425.86 881.82 1.4323
2459769.879538 2902698.87 2385683.91 1425.78 881.77 1.4321
2459769.879679 2902649.78 2383366.5 1426.0 881.76 1.4319
2459769.87982 2902742.08 2383446.97 1425.96 881.67 1.4317
2459769.879962 2900264.09 2382318.64 1426.06 881.64 1.4315
2459769.880103 2901781.13 2382695.37 1425.95 881.62 1.4314
2459769.880244 2902647.3 2384117.85 1425.93 881.49 1.4312
2459769.880386 2901877.41 2383147.7 1425.75 881.25 1.431
2459769.880527 2901677.26 2383211.55 1425.49 881.21 1.4308
2459769.880668 2902245.62 2383033.34 1425.34 881.19 1.4306
2459769.88081 2904974.79 2384130.5 1425.01 881.28 1.4305
2459769.880951 2903991.29 2384006.2 1424.86 881.41 1.4303
2459769.881092 2902314.57 2383574.45 1424.86 881.57 1.4301
2459769.881234 2902981.21 2382855.29 1424.73 881.78 1.4299
2459769.881375 2901573.86 2383026.1 1424.73 881.94 1.4297
2459769.881517 2904276.26 2382388.68 1424.81 882.06 1.4296
2459769.88166 2902418.15 2381786.86 1424.8 882.16 1.4294
2459769.881803 2903486.68 2383023.18 1424.78 882.18 1.4292
2459769.881943 2902677.14 2382643.65 1424.68 882.19 1.4291
2459769.882082 2900328.79 2382425.65 1424.63 882.25 1.4289
2459769.882223 2902413.24 2383768.44 1424.56 882.28 1.4287
2459769.882365 2900601.73 2381997.27 1424.52 882.38 1.4286
2459769.882506 2903025.5 2382847.54 1424.35 882.52 1.4284
2459769.88265 2903582.9 2382394.28 1424.19 882.66 1.4283
2459769.882792 2901688.54 2381942.31 1423.92 882.75 1.4281
2459769.88293 2902875.44 2381001.55 1424.03 882.72 1.4279
2459769.883072 2901255.83 2382747.14 1423.92 882.69 1.4278
2459769.883214 2901489.76 2381478.5 1424.03 882.58 1.4276
2459769.883358 2901543.05 2383379.53 1423.96 882.53 1.4275
2459769.8835 2903564.01 2383391.52 1424.12 882.57 1.4273
2459769.883637 2903534.56 2383205.55 1423.99 882.56 1.4272
2459769.883778 2905055.88 2384031.33 1423.95 882.41 1.427
2459769.883919 2906455.5 2382897.32 1423.91 882.13 1.4269
2459769.884061 2903095.27 2381725.92 1424.0 881.78 1.4267
2459769.884202 2905180.01 2382746.65 1423.88 881.86 1.4266
2459769.884343 2906726.45 2383126.81 1423.89 881.84 1.4264
2459769.884486 2905713.16 2382613.04 1423.79 881.67 1.4263
2459769.884627 2906070.41 2382769.96 1423.63 881.53 1.4262
2459769.884767 2903082.27 2381876.84 1423.62 881.45 1.426
2459769.884909 2904276.96 2383756.45 1423.59 881.5 1.4259
2459769.88505 2904187.72 2383651.37 1423.58 881.39 1.4257
2459769.885191 2906414.8 2384482.31 1423.51 881.41 1.4256
2459769.885333 2906124.05 2383537.76 1423.45 881.39 1.4255
2459769.885474 2906155.35 2384448.34 1423.33 881.47 1.4253
2459769.885616 2906959.86 2384623.79 1423.1 881.52 1.4252
2459769.885758 2906118.78 2385120.39 1422.84 881.58 1.4251
2459769.885898 2906585.4 2385373.06 1422.74 881.64 1.4249
2459769.886039 2903874.49 2384468.08 1422.69 881.67 1.4248
2459769.886181 2902175.77 2383861.85 1422.72 881.64 1.4247
2459769.886322 2901556.67 2382722.64 1422.81 881.5 1.4246
2459769.886463 2903222.73 2384287.61 1422.91 881.47 1.4244
2459769.886605 2902904.14 2382574.42 1423.01 881.43 1.4243
2459769.886746 2902635.21 2382675.58 1422.84 881.47 1.4242
2459769.886887 2904180.82 2382375.54 1422.87 881.5 1.4241
2459769.887029 2904117.32 2383790.25 1422.86 881.38 1.424
2459769.88717 2903536.81 2383787.5 1422.79 881.38 1.4238
2459769.887312 2873674.18 2382172.16 1422.69 881.25 1.4237
2459769.887453 2740201.45 2381350.97 1422.56 881.01 1.4236
2459769.887594 2666215.93 2380444.34 1422.67 880.69 1.4235
2459769.887735 2617998.87 2378225.35 1423.01 880.4 1.4234
2459769.887877 2592638.91 2377711.35 1423.17 880.1 1.4233
2459769.888018 2588292.94 2379426.15 1423.46 879.88 1.4232
2459769.88816 2585032.41 2379836.85 1423.62 879.71 1.4231
2459769.888301 2579668.07 2381089.3 1423.84 879.57 1.423
2459769.888444 2580129.82 2381689.82 1424.06 879.31 1.4229
2459769.88859 2577686.03 2380016.27 1424.19 879.07 1.4227
2459769.888732 2577234.12 2380548.1 1424.37 878.91 1.4226
2459769.888871 2576417.08 2380241.48 1424.69 878.83 1.4225
2459769.88901 2576581.83 2378860.84 1425.09 878.82 1.4224
2459769.889151 2578211.38 2380254.18 1425.35 878.72 1.4223
2459769.88929 2579773.88 2380300.19 1425.5 878.69 1.4223
2459769.889433 2577349.76 2380697.63 1425.59 878.67 1.4222
2459769.889576 2578391.33 2381364.21 1425.61 878.67 1.4221
2459769.889717 2579947.4 2381548.23 1425.66 878.67 1.422
2459769.889862 2582536.85 2380184.39 1425.69 878.6 1.4219
2459769.890002 2579013.44 2381666.3 1425.77 878.54 1.4218
2459769.890138 2579718.49 2380750.14 1425.81 878.54 1.4217
2459769.890282 2583995.98 2380979.01 1425.89 878.52 1.4216
2459769.890424 2585005.45 2380018.59 1426.01 878.48 1.4215
2459769.890565 2590474.6 2381672.11 1425.94 878.46 1.4214
2459769.890706 2616513.11 2381917.82 1425.99 878.44 1.4214
2459769.890847 2660125.75 2382454.87 1426.03 878.41 1.4213
2459769.89099 2715782.74 2383513.98 1426.02 878.53 1.4212
2459769.89113 2853073.37 2383084.22 1426.5 878.69 1.4211
2459769.891269 2900571.36 2383369.19 1426.45 879.16 1.421
2459769.89141 2905427.53 2386854.45 1425.75 879.32 1.421
2459769.891552 2907428.95 2386737.78 1425.03 879.43 1.4209
2459769.891693 2908239.5 2387654.82 1424.18 879.61 1.4208
2459769.891834 2909950.25 2388684.46 1423.4 879.89 1.4207
2459769.891976 2909875.63 2388650.27 1422.83 880.28 1.4207
2459769.89212 2907938.03 2387249.05 1422.44 880.39 1.4206
2459769.892262 2908450.29 2387305.35 1422.05 880.57 1.4205
2459769.8924 2909949.33 2385681.53 1421.71 880.62 1.4205
2459769.892542 2907891.01 2385259.46 1421.5 880.64 1.4204
2459769.892684 2907598.39 2384911.39 1421.17 880.8 1.4203
2459769.892824 2907875.3 2384493.15 1420.9 880.85 1.4203
2459769.892965 2905336.1 2382901.03 1420.72 880.83 1.4202
2459769.893106 2908560.53 2384627.09 1420.53 880.98 1.4201
2459769.893249 2909871.59 2386178.91 1420.41 881.09 1.4201
2459769.893389 2909619.6 2384486.17 1420.35 880.98 1.42
2459769.89353 2910619.61 2385169.95 1420.31 881.06 1.42
2459769.893672 2909600.37 2385157.96 1420.27 880.93 1.4199
2459769.893818 2908347.47 2384603.09 1420.2 881.01 1.4199
2459769.893958 2911505.49 2384399.87 1420.23 880.82 1.4198
2459769.894096 2908747.21 2383343.72 1420.33 880.77 1.4198
2459769.894237 2909281.55 2385822.33 1420.21 880.75 1.4197
2459769.894379 2910594.23 2386244.58 1420.02 880.75 1.4197
2459769.89452 2908764.25 2385215.29 1419.94 880.83 1.4196
2459769.894661 2908372.42 2384472.43 1419.97 880.86 1.4196
2459769.894802 2910463.55 2383695.62 1420.13 880.84 1.4195
2459769.894944 2908817.21 2383943.61 1420.16 880.84 1.4195
2459769.895085 2910034.75 2383987.03 1420.01 880.73 1.4194
2459769.895226 2910700.14 2385572.75 1419.92 880.65 1.4194
2459769.895368 2907952.0 2384551.73 1420.16 880.53 1.4194
2459769.895509 2907688.13 2384207.78 1419.97 880.32 1.4193
2459769.895653 2907155.95 2384928.83 1420.03 880.22 1.4193
2459769.895794 2909039.55 2385580.96 1419.87 880.05 1.4192
2459769.895933 2908240.62 2385001.02 1419.94 879.85 1.4192
2459769.896074 2905998.0 2382798.25 1420.0 879.91 1.4192
2459769.896216 2906060.89 2384365.39 1419.91 880.07 1.4191
2459769.896357 2905193.16 2383970.03 1420.03 880.09 1.4191
2459769.896498 2905632.88 2383432.13 1419.86 880.08 1.4191
2459769.89664 2904056.18 2382442.9 1419.97 880.1 1.4191
2459769.896781 2902501.11 2382383.65 1420.02 880.11 1.419
2459769.896922 2903067.59 2380422.08 1419.91 880.13 1.419
2459769.897064 2902607.37 2380320.63 1419.93 880.12 1.419
2459769.897205 2904522.73 2380853.56 1419.9 880.05 1.419
2459769.897347 2904869.46 2382978.37 1419.78 880.1 1.4189
2459769.897488 2903428.76 2381298.94 1419.67 879.99 1.4189
2459769.897632 2903453.08 2381124.0 1419.58 879.93 1.4189
2459769.897774 2904922.67 2381790.56 1419.5 880.03 1.4189
2459769.897912 2903982.44 2381440.7 1419.33 879.87 1.4189
2459769.898053 2903280.55 2380821.4 1419.24 879.89 1.4189
2459769.898198 2903358.5 2380698.09 1419.2 880.02 1.4188
2459769.89834 2903738.06 2380216.28 1419.17 880.0 1.4188
2459769.89848 2903494.14 2381061.69 1419.16 879.94 1.4188
2459769.898618 2902227.62 2381577.47 1419.07 880.03 1.4188
2459769.89876 2904302.5 2381688.69 1418.87 879.95 1.4188
2459769.898901 2905240.73 2379412.41 1418.96 880.06 1.4188
2459769.899043 2901229.37 2377978.18 1419.11 879.94 1.4188
2459769.899184 2902010.37 2380592.13 1418.92 880.0 1.4188
2459769.899325 2902838.02 2380424.23 1418.97 879.88 1.4188
2459769.899466 2900953.56 2378783.64 1419.06 880.0 1.4188
2459769.899608 2902669.11 2381495.16 1418.84 879.92 1.4188
2459769.899749 2901103.6 2381189.91 1418.74 879.99 1.4188
2459769.89989 2901536.33 2381469.64 1418.62 880.08 1.4188
2459769.900032 2901138.91 2381187.15 1418.74 880.03 1.4188
2459769.900173 2900629.49 2381686.28 1418.88 879.8 1.4188
2459769.900321 2901734.01 2381827.28 1419.04 879.76 1.4188
2459769.90047 2904672.39 2381064.15 1418.86 879.66 1.4188
2459769.900607 2901552.87 2380833.13 1418.93 879.64 1.4188
2459769.90074 2901029.62 2381424.1 1419.01 879.63 1.4188
2459769.90088 2901627.55 2381738.87 1418.8 879.56 1.4189
2459769.90103 2900982.72 2381433.33 1418.76 879.52 1.4189
2459769.901172 2899792.08 2382501.81 1418.6 879.5 1.4189
2459769.901304 2900889.51 2381922.71 1418.42 879.46 1.4189
2459769.901445 2898327.89 2380516.03 1418.4 879.55 1.4189
2459769.901587 2898855.08 2380831.44 1418.41 879.62 1.4189
2459769.901728 2899593.84 2380106.67 1418.4 879.71 1.419
2459769.901871 2897891.16 2381806.99 1418.41 879.73 1.419
2459769.902013 2901815.09 2381772.13 1418.56 879.81 1.419
2459769.902152 2900027.39 2381579.21 1418.5 879.94 1.419
2459769.902297 2900739.37 2380349.63 1418.4 880.04 1.4191
2459769.902442 2900051.61 2379608.05 1418.32 879.92 1.4191
2459769.90258 2901563.13 2379819.28 1418.22 879.84 1.4191
2459769.902718 2900341.69 2380082.53 1418.02 879.74 1.4191
2459769.902859 2899514.49 2379535.76 1417.9 879.73 1.4192
2459769.903 2899663.24 2378430.94 1417.99 879.69 1.4192
2459769.903144 2900880.44 2381773.43 1418.04 879.63 1.4192
2459769.903286 2900984.16 2380961.18 1417.87 879.57 1.4193
2459769.903425 2900936.89 2379145.02 1418.07 879.49 1.4193
2459769.903566 2899218.98 2379083.02 1418.08 879.39 1.4193
2459769.903707 2899300.03 2380056.25 1418.02 879.37 1.4194
2459769.90385 2902078.77 2381785.28 1417.66 879.37 1.4194
2459769.903992 2899476.68 2381062.97 1417.51 879.47 1.4195
2459769.904132 2899494.52 2381520.43 1417.34 879.44 1.4195
2459769.904272 2899725.9 2380588.27 1417.33 879.41 1.4195
2459769.904416 2898320.3 2380095.52 1417.35 879.31 1.4196
2459769.904557 2897009.53 2378585.25 1417.42 879.19 1.4196
2459769.904696 2896561.14 2380042.18 1417.5 879.16 1.4197
2459769.904837 2891677.53 2377941.92 1417.49 879.27 1.4197
2459769.904979 2893725.2 2380187.1 1417.39 879.28 1.4198
2459769.90512 2893373.14 2379353.08 1417.3 879.22 1.4198
2459769.905261 2893562.01 2378313.94 1417.37 879.17 1.4199
2459769.905404 2897250.48 2378191.71 1417.58 878.97 1.42
2459769.905544 2895946.47 2380183.8 1417.73 879.01 1.42
2459769.905686 2894561.53 2377901.85 1417.56 878.98 1.4201
2459769.90583 2896997.34 2379503.53 1417.39 878.98 1.4201
2459769.905973 2896074.16 2378793.39 1417.28 879.02 1.4202
2459769.906116 2898090.04 2379756.24 1417.35 878.91 1.4202
2459769.906258 2892556.72 2379150.1 1417.25 879.05 1.4203
2459769.906396 2897950.47 2381713.26 1417.16 878.84 1.4204
2459769.906535 2896647.19 2380809.76 1417.01 878.75 1.4204
2459769.906675 2893483.23 2378462.46 1416.92 878.65 1.4205
2459769.906816 2891171.95 2379428.77 1417.05 878.7 1.4206
2459769.906957 2891165.16 2379319.37 1417.01 878.83 1.4206
2459769.907104 2890042.75 2378451.36 1416.95 878.98 1.4207
2459769.907245 2891318.98 2377564.99 1417.17 879.05 1.4208
2459769.907381 2894722.25 2379796.69 1417.01 878.82 1.4209
2459769.907524 2891651.37 2378703.7 1416.76 878.81 1.4209
2459769.907664 2891717.07 2378162.55 1416.65 878.87 1.421
2459769.907806 2891676.28 2376195.69 1416.68 878.83 1.4211
2459769.907948 2890624.4 2376767.91 1416.72 878.8 1.4212
2459769.90809 2893955.63 2378606.63 1416.69 878.79 1.4212
2459769.908233 2892905.83 2379620.67 1416.63 878.78 1.4213
2459769.908374 2893006.98 2378491.18 1416.72 878.72 1.4214
2459769.908512 2889396.27 2377774.46 1416.8 878.62 1.4215
2459769.908654 2887157.89 2376381.14 1416.7 878.48 1.4216
2459769.908795 2890874.15 2377054.58 1416.7 878.37 1.4217
2459769.908936 2887153.06 2377496.55 1416.63 878.3 1.4218
2459769.909084 2885628.54 2378177.5 1416.47 878.31 1.4218
2459769.909232 2884585.1 2377408.51 1416.25 878.37 1.4219
2459769.90937 2882712.63 2377819.63 1415.99 878.45 1.422
2459769.909506 2891509.82 2379748.59 1415.92 878.4 1.4221
2459769.909644 2887850.45 2379614.1 1415.86 878.42 1.4222
2459769.909784 2890016.29 2378725.54 1415.76 878.41 1.4223
2459769.90993 2884847.82 2377799.4 1415.74 878.4 1.4224
2459769.910072 2886067.77 2378855.31 1415.73 878.36 1.4225
2459769.910208 2885552.59 2379249.76 1415.73 878.23 1.4226
2459769.91035 2886259.29 2377814.08 1415.79 878.14 1.4227
2459769.910491 2881805.44 2378808.56 1415.87 878.02 1.4228
2459769.910632 2886787.29 2379095.17 1415.94 877.83 1.4229
2459769.910774 2884774.9 2378829.58 1415.94 877.77 1.423
2459769.910915 2878931.24 2378957.45 1415.93 877.75 1.4231
2459769.911059 2876485.02 2378625.9 1416.05 877.72 1.4232
2459769.9112 2876605.6 2377557.61 1416.0 877.7 1.4233
2459769.911339 2877617.36 2377230.87 1415.9 877.65 1.4235
2459769.91148 2868546.21 2377135.13 1415.74 877.65 1.4236
2459769.911622 2873670.76 2375875.57 1415.68 877.61 1.4237
2459769.911763 2871198.75 2379127.46 1415.5 877.56 1.4238
2459769.911904 2864674.11 2377237.06 1415.37 877.57 1.4239
2459769.912046 2869142.7 2377459.01 1415.38 877.53 1.424
2459769.912187 2869566.63 2378623.68 1415.35 877.48 1.4241
2459769.912331 2866188.08 2376755.94 1415.29 877.46 1.4243
2459769.912472 2867558.83 2376958.65 1415.25 877.41 1.4244
2459769.912614 2858688.99 2377670.13 1415.21 877.37 1.4245
2459769.912755 2865220.77 2378786.27 1415.03 877.32 1.4246
2459769.912894 2867310.48 2378470.68 1414.94 877.22 1.4248
2459769.913038 2869495.94 2378264.34 1415.04 877.09 1.4249
2459769.91318 2863386.0 2374918.34 1415.07 876.96 1.425
2459769.913318 2869223.48 2376273.17 1414.96 876.87 1.4252
2459769.913459 2865921.45 2374984.97 1415.08 876.78 1.4253
2459769.9136 2867527.27 2375987.8 1414.92 876.7 1.4254
2459769.913746 2867309.35 2375534.23 1414.9 876.6 1.4255
2459769.913887 2858750.2 2375874.86 1414.69 876.54 1.4257
2459769.914024 2855247.11 2373389.91 1414.53 876.47 1.4258
2459769.914166 2856320.04 2376441.09 1414.25 876.39 1.426
2459769.914307 2858579.18 2374763.07 1414.12 876.27 1.4261
2459769.914453 2850805.55 2374816.45 1413.92 876.16 1.4262
2459769.914597 2840033.13 2374015.18 1413.84 876.05 1.4264
2459769.914734 2836657.87 2376295.11 1413.79 875.93 1.4265
2459769.914872 2837331.89 2374983.48 1413.49 875.84 1.4267
2459769.915014 2834075.94 2374419.18 1413.16 875.74 1.4268
2459769.915156 2817376.28 2374491.47 1412.7 875.64 1.427
2459769.915297 2814432.21 2374122.9 1412.45 875.53 1.4271
2459769.91544 2813807.17 2372498.57 1412.14 875.41 1.4273
2459769.91558 2793589.95 2374447.84 1411.69 875.29 1.4274
2459769.91572 2783439.96 2375980.47 1411.32 875.16 1.4276
2459769.915862 2770783.41 2374205.05 1410.91 875.02 1.4277
2459769.916003 2779349.98 2373753.3 1410.64 874.87 1.4279
2459769.916144 2762142.84 2374864.6 1410.02 874.73 1.428
2459769.916286 2782494.62 2374000.01 1409.48 874.58 1.4282
2459769.916427 2781986.13 2373883.54 1409.14 874.41 1.4283
2459769.916506 2772397.09 2377077.56 1408.8 874.23 1.4284
