2459769.865829 9598685.19 8121886.33 1657.34 1343.4 1.4593
2459769.865971 9597696.06 8120840.31 1657.73 1343.06 1.459
2459769.866112 9593118.26 8119521.79 1658.63 1342.81 1.4587
2459769.866253 9588177.95 8121109.96 1659.5 1342.77 1.4583
2459769.866395 9582390.42 8118600.83 1660.48 1342.67 1.458
2459769.866536 9593005.64 8122261.33 1661.09 1342.66 1.4577
2459769.866677 9601159.75 8120854.65 1661.42 1342.35 1.4573
2459769.866819 9602981.65 8121641.19 1661.64 1342.04 1.457
2459769.86696 9611169.18 8124352.34 1661.76 1341.65 1.4567
2459769.867101 9618991.48 8125039.79 1661.95 1341.42 1.4564
2459769.867243 9617196.86 8128310.88 1662.12 1341.04 1.4561
2459769.867384 9618188.72 8129903.54 1662.07 1340.62 1.4557
2459769.867525 9602167.03 8123987.23 1661.85 1340.66 1.4554
2459769.867667 9601746.47 8127870.43 1661.94 1340.71 1.4551
2459769.867808 9607819.28 8121209.33 1662.29 1340.59 1.4548
2459769.867949 9611760.25 8127231.4 1662.45 1340.56 1.4545
2459769.868091 9625439.21 8131401.92 1662.14 1340.5 1.4542
2459769.868232 9623326.76 8131925.18 1661.95 1340.54 1.4539
2459769.868373 9618299.03 8128568.78 1661.83 1340.61 1.4536
2459769.868515 9618508.62 8127521.75 1661.66 1340.62 1.4533
2459769.868656 9627525.21 8132926.93 1661.4 1340.65 1.453
2459769.868797 9624050.74 8132839.4 1661.08 1340.7 1.4527
2459769.868939 9617713.77 8128433.18 1660.78 1340.89 1.4524
2459769.86908 9613860.6 8125859.72 1660.7 1341.08 1.4521
2459769.869221 9614009.76 8127214.94 1660.59 1341.19 1.4518
2459769.869363 9616508.35 8125131.18 1660.55 1341.2 1.4515
2459769.869504 9612863.52 8122815.83 1660.61 1341.35 1.4512
2459769.869645 9621698.61 8128189.94 1660.66 1341.33 1.4509
2459769.869787 9619639.46 8121926.26 1660.76 1341.3 1.4506
2459769.869928 9612851.58 8122035.78 1660.66 1341.32 1.4503
2459769.870069 9621371.84 8129423.73 1660.23 1341.36 1.45
2459769.870211 9619278.0 8129626.91 1659.98 1341.37 1.4497
2459769.870352 9620784.28 8129523.54 1659.6 1341.45 1.4495
2459769.870493 9620075.33 8130522.11 1659.32 1341.51 1.4492
2459769.870635 9625747.53 8128908.91 1659.13 1341.63 1.4489
2459769.870776 9621287.89 8128242.16 1659.1 1341.79 1.4486
2459769.870918 9625888.35 8125818.34 1659.25 1341.8 1.4483
2459769.871059 9614918.52 8122720.27 1659.35 1341.93 1.448
2459769.8712 9620688.13 8127592.99 1659.26 1342.06 1.4478
2459769.871342 9624011.86 8129796.87 1659.28 1342.06 1.4475
2459769.871483 9623346.94 8124922.05 1659.16 1342.06 1.4472
2459769.871624 9628548.73 8133560.31 1658.98 1342.13 1.447
2459769.871766 9625968.38 8131613.41 1659.08 1342.11 1.4467
2459769.871907 9609613.78 8127964.2 1658.86 1342.46 1.4464
2459769.872048 9619049.78 8128004.15 1658.85 1342.52 1.4461
2459769.87219 9629732.24 8131329.23 1658.7 1342.63 1.4459
2459769.872331 9630996.07 8129400.92 1658.49 1342.56 1.4456
2459769.872472 9624892.67 8130667.22 1658.27 1342.63 1.4454
2459769.872614 9626902.72 8131511.24 1658.0 1342.63 1.4451
2459769.872755 9632191.56 8129306.33 1657.88 1342.68 1.4448
2459769.872896 9629595.21 8128318.43 1657.72 1342.83 1.4446
2459769.873038 9629388.55 8124340.88 1657.85 1342.91 1.4443
2459769.873179 9639116.43 8131222.89 1657.8 1342.9 1.4441
2459769.87332 9637688.43 8128140.52 1657.65 1342.92 1.4438
2459769.873462 9634995.66 8123785.69 1657.45 1342.92 1.4435
2459769.873603 9633456.92 8125618.08 1657.45 1342.81 1.4433
2459769.873744 9625270.64 8116338.51 1657.6 1342.6 1.443
2459769.873886 9632713.02 8119155.17 1657.44 1342.36 1.4428
2459769.874027 9632630.07 8119523.32 1657.22 1342.09 1.4426
2459769.874168 9639612.71 8123471.4 1656.79 1341.93 1.4423
2459769.87431 9635668.68 8123514.83 1656.54 1341.81 1.4421
2459769.874451 9632391.32 8124187.35 1656.14 1341.93 1.4418
2459769.874592 9629816.3 8121349.09 1655.97 1342.09 1.4416
2459769.874734 9634041.83 8126510.99 1656.03 1342.22 1.4413
2459769.874875 9627607.0 8122415.15 1655.99 1342.33 1.4411
2459769.875016 9628442.71 8117883.9 1655.98 1342.22 1.4409
2459769.875158 9632761.98 8124371.59 1656.09 1342.14 1.4406
2459769.875299 9634302.3 8128850.18 1655.84 1342.33 1.4404
2459769.87544 9633179.7 8126163.38 1655.57 1342.5 1.4402
2459769.875582 9637391.22 8122548.52 1655.18 1342.48 1.4399
2459769.875723 9631977.47 8118857.2 1655.12 1342.57 1.4397
2459769.875864 9636701.99 8121384.57 1655.06 1342.67 1.4395
2459769.876006 9645104.92 8125664.46 1655.03 1342.74 1.4392
2459769.876147 9640573.6 8121749.17 1655.05 1342.69 1.439
2459769.876288 9632409.21 8118526.66 1655.0 1342.71 1.4388
2459769.87643 9642523.15 8125735.75 1654.65 1342.8 1.4386
2459769.876571 9636482.37 8123468.86 1654.66 1342.57 1.4383
2459769.876712 9649247.62 8129815.43 1654.63 1342.4 1.4381
2459769.876854 9646419.91 8126236.52 1654.63 1342.4 1.4379
2459769.876995 9644359.33 8126136.83 1654.65 1342.8 1.4377
2459769.877136 9643569.87 8126157.37 1654.46 1343.16 1.4375
2459769.877278 9644784.74 8122088.5 1654.17 1343.14 1.4373
2459769.877419 9649890.1 8120366.05 1653.98 1343.05 1.437
2459769.87756 9649317.48 8121991.82 1654.01 1342.9 1.4368
2459769.877702 9645970.9 8117385.73 1653.98 1342.9 1.4366
2459769.877843 9654318.68 8124969.2 1653.89 1342.96 1.4364
2459769.877984 9653404.34 8124289.36 1653.77 1342.85 1.4362
2459769.878126 9656739.82 8125993.89 1653.61 1342.8 1.436
2459769.878267 9654733.33 8125574.55 1653.51 1342.9 1.4358
2459769.878408 9655717.25 8122145.01 1653.41 1343.06 1.4356
2459769.87855 9656140.24 8125079.83 1653.31 1343.13 1.4354
2459769.878691 9652318.6 8124677.33 1653.04 1343.21 1.4352
2459769.878832 9645228.11 8118409.74 1652.91 1343.38 1.435
2459769.878974 9642370.44 8116586.4 1652.96 1343.59 1.4348
2459769.879115 9643100.04 8117413.6 1653.03 1343.83 1.4346
2459769.879256 9648423.26 8118906.08 1652.75 1343.93 1.4344
2459769.879398 9643718.33 8118863.78 1652.77 1344.14 1.4342
2459769.879539 9639827.1 8115485.56 1652.67 1344.19 1.434
2459769.87968 9647331.65 8116312.3 1653.02 1344.18 1.4338
2459769.879822 9652848.85 8118423.83 1653.09 1344.29 1.4336
2459769.879963 9650050.99 8120632.16 1653.09 1344.32 1.4335
2459769.880104 9650541.22 8120129.72 1653.07 1344.32 1.4333
2459769.880246 9650356.04 8121254.94 1652.91 1344.5 1.4331
2459769.880387 9644737.01 8118241.16 1652.7 1344.84 1.4329
2459769.880528 9654936.38 8120908.57 1652.35 1344.89 1.4327
2459769.88067 9653720.21 8118773.46 1652.15 1344.91 1.4325
2459769.880811 9661200.47 8120889.58 1651.7 1344.76 1.4324
2459769.880953 9652994.85 8116663.42 1651.69 1344.54 1.4322
2459769.881094 9653746.29 8118163.63 1651.62 1344.27 1.432
2459769.881235 9661141.73 8124956.54 1651.36 1343.93 1.4318
2459769.881377 9657133.05 8123448.19 1651.29 1343.82 1.4317
2459769.881518 9655772.65 8118245.7 1651.34 1343.76 1.4315
2459769.881659 9657997.33 8120393.28 1651.25 1343.48 1.4313
2459769.881801 9656731.25 8119554.1 1651.15 1343.31 1.4311
2459769.881942 9658145.64 8118929.94 1650.93 1343.16 1.431
2459769.882083 9659531.46 8122539.14 1650.97 1342.93 1.4308
2459769.882225 9658271.23 8122274.09 1650.97 1342.89 1.4306
2459769.882366 9656941.69 8120891.62 1651.02 1342.75 1.4305
2459769.882507 9665224.52 8125173.96 1650.72 1342.56 1.4303
2459769.882649 9671432.04 8125330.19 1650.6 1342.36 1.4302
2459769.88279 9667750.42 8127001.91 1650.31 1342.24 1.43
2459769.882931 9658527.04 8120482.82 1650.33 1342.3 1.4298
2459769.883073 9648535.46 8117714.01 1650.3 1342.36 1.4297
2459769.883214 9654181.55 8118028.47 1650.31 1342.54 1.4295
2459769.883355 9657371.33 8120423.92 1650.34 1342.62 1.4294
2459769.883497 9661096.87 8118627.15 1650.44 1342.57 1.4292
2459769.883638 9668359.31 8127628.3 1650.38 1342.6 1.4291
2459769.883779 9662515.57 8122036.47 1650.18 1342.83 1.4289
2459769.883921 9664718.11 8120587.79 1649.99 1343.27 1.4288
2459769.884062 9654200.08 8117076.29 1650.16 1343.64 1.4286
2459769.884203 9663842.6 8117492.7 1650.14 1343.64 1.4285
2459769.884345 9663113.94 8115777.47 1650.02 1343.81 1.4283
2459769.884486 9656798.5 8113351.32 1649.74 1344.18 1.4282
2459769.884627 9659610.64 8120617.14 1649.55 1344.35 1.428
2459769.884769 9652704.26 8115276.57 1649.58 1344.42 1.4279
2459769.88491 9656947.45 8116005.07 1649.59 1344.29 1.4278
2459769.885051 9654555.09 8114707.42 1649.62 1344.4 1.4276
2459769.885193 9662621.57 8117707.8 1649.56 1344.32 1.4275
2459769.885334 9664800.72 8120116.51 1649.53 1344.31 1.4273
2459769.885475 9658010.0 8113660.57 1649.41 1344.14 1.4272
2459769.885617 9660012.31 8118307.97 1649.13 1344.02 1.4271
2459769.885758 9661997.33 8119004.4 1648.8 1343.87 1.427
2459769.885899 9667357.62 8123762.73 1648.61 1343.89 1.4268
2459769.886041 9659983.72 8121301.05 1648.48 1343.95 1.4267
2459769.886182 9652522.77 8117577.43 1648.48 1344.1 1.4266
2459769.886323 9651758.89 8118782.48 1648.58 1344.25 1.4264
2459769.886465 9652951.52 8118869.85 1648.7 1344.23 1.4263
2459769.886606 9656553.28 8123026.49 1648.81 1344.22 1.4262
2459769.886747 9658440.29 8119362.21 1648.8 1344.1 1.4261
2459769.886889 9647226.86 8108237.28 1648.81 1343.98 1.426
2459769.88703 9651839.03 8116139.35 1648.78 1344.26 1.4258
2459769.887171 9649396.37 8113861.6 1648.65 1344.21 1.4257
2459769.887313 9569681.09 8117651.53 1648.5 1344.29 1.4256
2459769.887454 9201240.12 8113421.42 1648.37 1344.28 1.4255
2459769.887595 8988027.18 8107405.07 1648.61 1344.23 1.4254
2459769.887737 8863787.54 8101318.6 1649.26 1344.18 1.4253
2459769.887878 8777734.77 8102233.51 1649.69 1344.06 1.4251
2459769.888019 8763746.43 8098486.81 1650.35 1343.81 1.425
2459769.888161 8762948.37 8106244.48 1650.74 1343.67 1.4249
2459769.888302 8748993.64 8102031.56 1651.22 1343.47 1.4248
2459769.888443 8739678.97 8101523.88 1651.61 1343.45 1.4247
2459769.888585 8744465.04 8107510.61 1652.0 1343.39 1.4246
2459769.888726 8745691.53 8107520.39 1652.39 1343.2 1.4245
2459769.888868 8738088.69 8102695.42 1653.01 1342.99 1.4244
2459769.889009 8735319.23 8098155.67 1653.68 1342.77 1.4243
2459769.88915 8733366.65 8096040.75 1654.25 1342.69 1.4242
2459769.889291 8744620.19 8103477.67 1654.58 1342.5 1.4241
2459769.889433 8751780.31 8111957.68 1654.81 1342.29 1.424
2459769.889574 8750340.91 8108108.24 1654.94 1342.06 1.4239
2459769.889716 8754180.41 8112897.15 1655.11 1341.85 1.4238
2459769.889857 8768129.59 8114777.27 1655.15 1341.83 1.4237
2459769.889998 8747946.53 8110216.67 1655.28 1341.76 1.4236
2459769.89014 8757556.32 8114600.01 1655.36 1341.61 1.4236
2459769.890281 8768083.05 8110256.47 1655.48 1341.53 1.4235
2459769.890422 8768141.36 8111311.86 1655.67 1341.48 1.4234
2459769.890564 8787679.27 8115938.46 1655.71 1341.42 1.4233
2459769.890705 8853981.98 8114627.83 1655.75 1341.47 1.4232
2459769.890846 8982128.28 8121311.97 1655.73 1341.75 1.4231
2459769.890988 9131517.84 8123303.83 1655.78 1342.01 1.4231
2459769.891129 9516467.43 8119751.15 1656.52 1342.6 1.423
2459769.89127 9658257.92 8124804.23 1656.27 1342.91 1.4229
2459769.891412 9673531.68 8129793.76 1655.05 1343.43 1.4228
2459769.891553 9671928.32 8128271.38 1653.69 1343.87 1.4227
2459769.891694 9670433.64 8129128.41 1652.47 1344.21 1.4227
2459769.891836 9677825.32 8131541.08 1651.25 1344.24 1.4226
2459769.891977 9672999.47 8128945.36 1650.23 1344.1 1.4225
2459769.892118 9661930.86 8123155.06 1649.37 1344.12 1.4225
2459769.89226 9668052.06 8123025.98 1648.69 1344.04 1.4224
2459769.892401 9668410.02 8125914.83 1648.24 1344.15 1.4223
2459769.892542 9664281.29 8121888.91 1647.72 1344.3 1.4222
2459769.892684 9672594.05 8126493.93 1647.18 1344.25 1.4222
2459769.892825 9673058.58 8124674.37 1646.74 1344.38 1.4221
2459769.892966 9666536.29 8121739.81 1646.32 1344.6 1.4221
2459769.893108 9670613.63 8118923.19 1645.89 1344.57 1.422
2459769.893249 9675901.28 8121697.56 1645.74 1344.61 1.4219
2459769.89339 9671593.57 8120480.5 1645.66 1344.7 1.4219
2459769.893532 9675672.18 8123018.32 1645.62 1344.79 1.4218
2459769.893673 9672265.86 8121168.5 1645.58 1344.92 1.4218
2459769.893814 9680914.5 8125491.39 1645.5 1345.01 1.4217
2459769.893956 9680932.09 8127032.28 1645.58 1345.06 1.4217
2459769.894097 9671371.48 8119812.61 1645.77 1345.17 1.4216
2459769.894238 9672073.36 8123882.91 1645.63 1345.25 1.4216
2459769.89438 9669241.74 8120680.14 1645.38 1345.3 1.4215
2459769.894521 9678152.14 8126877.83 1645.31 1345.22 1.4215
2459769.894662 9676853.62 8127685.48 1645.12 1345.22 1.4214
2459769.894804 9677600.49 8126428.77 1645.13 1345.29 1.4214
2459769.894945 9675665.12 8123947.43 1645.23 1345.33 1.4213
2459769.895086 9683095.16 8128577.21 1645.06 1345.55 1.4213
2459769.895228 9681656.05 8128181.71 1644.98 1345.73 1.4212
2459769.895369 9674942.16 8124487.1 1645.28 1345.94 1.4212
2459769.89551 9676727.38 8131703.84 1645.06 1346.29 1.4212
2459769.895652 9675263.48 8128553.92 1644.93 1346.32 1.4211
2459769.895793 9673657.2 8122625.4 1644.92 1346.46 1.4211
2459769.895934 9667044.28 8123382.09 1644.98 1346.64 1.4211
2459769.896076 9670445.11 8123681.54 1645.03 1346.69 1.421
2459769.896217 9673081.4 8125455.37 1644.96 1346.59 1.421
2459769.896358 9669306.22 8123254.48 1645.09 1346.43 1.421
2459769.8965 9670704.41 8124124.27 1644.91 1346.31 1.4209
2459769.896641 9663429.04 8121041.38 1645.03 1346.15 1.4209
2459769.896782 9662881.83 8121144.29 1644.91 1346.0 1.4209
2459769.896924 9669650.11 8126089.87 1644.99 1345.84 1.4209
2459769.897065 9663192.78 8119025.58 1644.98 1345.89 1.4208
2459769.897206 9668043.49 8122323.39 1644.9 1346.03 1.4208
2459769.897348 9667317.52 8123764.26 1644.69 1345.83 1.4208
2459769.897489 9665433.24 8122964.77 1644.51 1346.03 1.4208
2459769.89763 9664397.0 8123573.53 1644.35 1346.27 1.4207
2459769.897772 9669492.74 8123996.89 1644.22 1346.25 1.4207
2459769.897913 9665023.71 8122504.27 1643.96 1346.37 1.4207
2459769.898054 9663875.23 8126612.86 1643.99 1346.47 1.4207
2459769.898196 9668535.79 8126023.73 1644.1 1346.41 1.4207
2459769.898337 9662421.84 8119845.44 1644.04 1346.31 1.4207
2459769.898478 9661636.27 8118029.79 1644.01 1346.27 1.4207
2459769.89862 9660890.39 8117144.66 1643.88 1346.26 1.4207
2459769.898761 9657498.03 8112204.65 1643.74 1346.25 1.4206
2459769.898902 9669661.13 8122499.78 1643.76 1346.22 1.4206
2459769.899044 9656070.78 8115151.66 1643.88 1346.28 1.4206
2459769.899185 9654100.68 8117389.5 1643.77 1346.32 1.4206
2459769.899326 9654138.46 8113630.56 1643.74 1346.36 1.4206
2459769.899468 9654153.78 8115062.37 1643.76 1346.29 1.4206
2459769.899609 9651238.54 8113669.49 1643.62 1346.27 1.4206
2459769.89975 9652024.95 8117546.7 1643.38 1346.26 1.4206
2459769.899892 9656883.1 8118714.78 1643.12 1346.23 1.4206
2459769.900033 9645975.25 8112761.4 1643.21 1346.15 1.4206
2459769.900175 9648497.47 8115899.88 1643.34 1346.34 1.4206
2459769.900316 9651199.68 8119563.3 1643.52 1346.51 1.4207
2459769.900457 9660494.38 8120114.62 1643.45 1346.79 1.4207
2459769.900599 9648014.11 8110413.68 1643.47 1346.94 1.4207
2459769.90074 9649562.91 8114072.79 1643.52 1347.06 1.4207
2459769.900881 9651675.49 8115984.35 1643.42 1347.12 1.4207
2459769.901023 9649575.32 8118063.55 1643.3 1347.11 1.4207
2459769.901164 9641486.97 8113878.37 1642.98 1347.07 1.4207
2459769.901305 9642094.44 8112930.88 1642.83 1347.07 1.4207
2459769.901447 9646544.25 8112074.72 1642.92 1346.87 1.4208
2459769.901588 9645085.94 8116267.41 1643.05 1346.85 1.4208
2459769.901729 9644423.04 8115282.92 1642.99 1346.81 1.4208
2459769.901871 9647586.16 8118953.77 1643.14 1346.86 1.4208
2459769.902012 9647735.94 8115005.44 1643.32 1346.83 1.4208
2459769.902153 9648571.54 8116160.67 1643.2 1346.71 1.4209
2459769.902295 9651656.74 8117660.03 1643.02 1346.66 1.4209
2459769.902436 9647393.76 8114219.72 1642.87 1346.69 1.4209
2459769.902577 9645447.51 8116815.44 1642.85 1346.9 1.4209
2459769.902719 9647901.02 8117263.51 1642.69 1347.15 1.421
2459769.90286 9648111.16 8117520.33 1642.65 1347.09 1.421
2459769.903001 9644872.5 8112076.07 1642.66 1347.1 1.421
2459769.903143 9646969.06 8116931.37 1642.61 1347.12 1.4211
2459769.903284 9651762.41 8119483.92 1642.5 1347.14 1.4211
2459769.903425 9647775.21 8115465.48 1642.67 1347.2 1.4211
2459769.903567 9647889.25 8119696.64 1642.83 1347.28 1.4212
2459769.903708 9650060.91 8121362.43 1642.88 1347.24 1.4212
2459769.903849 9656341.06 8125645.22 1642.51 1347.17 1.4213
2459769.903991 9657959.81 8126772.95 1642.17 1346.93 1.4213
2459769.904132 9650326.39 8122923.13 1641.81 1347.05 1.4213
2459769.904273 9648130.13 8117718.62 1641.85 1347.02 1.4214
2459769.904415 9643638.91 8115474.95 1641.94 1347.09 1.4214
2459769.904556 9636942.21 8112567.19 1642.11 1347.19 1.4215
2459769.904697 9634160.71 8108578.54 1642.13 1347.15 1.4215
2459769.904839 9646324.51 8121182.47 1642.04 1346.88 1.4216
2459769.90498 9640729.25 8118319.88 1641.82 1346.91 1.4216
2459769.905121 9630473.95 8111548.45 1641.77 1347.04 1.4217
2459769.905263 9628905.01 8108938.76 1641.96 1347.01 1.4217
2459769.905404 9634343.85 8113053.39 1642.35 1347.23 1.4218
2459769.905545 9639248.07 8116392.87 1642.52 1347.33 1.4219
2459769.905687 9636624.5 8113893.69 1642.2 1347.29 1.4219
2459769.905828 9630662.53 8111912.33 1641.88 1347.47 1.422
2459769.905969 9634343.42 8114168.79 1641.84 1347.58 1.422
2459769.906111 9628355.9 8109403.19 1642.02 1347.66 1.4221
2459769.906252 9633792.3 8113690.18 1641.89 1347.57 1.4222
2459769.906393 9634713.68 8112001.86 1641.85 1347.79 1.4222
2459769.906535 9634980.39 8117066.6 1641.74 1348.09 1.4223
2459769.906676 9622046.72 8111688.78 1641.76 1348.2 1.4224
2459769.906817 9626919.01 8108108.93 1641.85 1348.09 1.4224
2459769.906959 9632593.6 8110204.07 1641.99 1347.82 1.4225
2459769.9071 9634132.2 8113555.93 1642.11 1347.68 1.4226
2459769.907241 9626782.98 8109589.77 1642.18 1347.68 1.4226
2459769.907383 9626572.99 8113157.0 1641.9 1347.91 1.4227
2459769.907524 9625546.76 8109913.43 1641.68 1348.05 1.4228
2459769.907666 9633171.28 8113452.76 1641.42 1347.92 1.4229
2459769.907807 9619086.19 8108364.99 1641.36 1348.1 1.4229
2459769.907948 9623670.4 8107521.95 1641.31 1348.11 1.423
2459769.90809 9627738.51 8112046.97 1641.16 1348.11 1.4231
2459769.908231 9622360.12 8109900.38 1640.97 1348.09 1.4232
2459769.908372 9614222.39 8106925.03 1641.15 1348.15 1.4233
2459769.908514 9612696.4 8106047.15 1641.17 1348.26 1.4233
2459769.908655 9613099.49 8108002.53 1640.92 1348.45 1.4234
2459769.908796 9617210.67 8107676.24 1640.98 1348.6 1.4235
2459769.908938 9619680.54 8112299.44 1640.97 1348.65 1.4236
2459769.909079 9623566.85 8112671.4 1640.88 1348.58 1.4237
2459769.90922 9624086.37 8112200.56 1640.7 1348.39 1.4238
2459769.909362 9621020.56 8109228.77 1640.54 1348.14 1.4239
2459769.909503 9623588.81 8107712.46 1640.28 1348.16 1.424
2459769.909644 9616028.29 8107416.31 1640.08 1348.04 1.4241
2459769.909786 9620195.86 8108168.29 1639.81 1347.97 1.4242
2459769.909927 9614902.66 8106927.95 1639.82 1348.05 1.4243
2459769.910068 9614946.72 8107750.8 1639.85 1348.0 1.4244
2459769.91021 9603023.06 8105626.42 1639.88 1348.11 1.4245
2459769.910351 9608704.15 8107059.35 1640.0 1348.17 1.4246
2459769.910492 9602304.53 8106303.29 1640.01 1348.26 1.4247
2459769.910634 9605681.93 8108006.75 1639.95 1348.49 1.4248
2459769.910775 9596217.19 8102928.0 1640.05 1348.7 1.4249
2459769.910916 9598159.18 8103320.2 1640.05 1348.78 1.425
2459769.911058 9595435.89 8102417.6 1640.26 1348.89 1.4251
2459769.911199 9593401.88 8100095.31 1640.46 1349.0 1.4252
2459769.91134 9591886.35 8099456.16 1640.56 1349.01 1.4253
2459769.911482 9590624.83 8101504.83 1640.44 1348.85 1.4254
2459769.911623 9589702.21 8101704.71 1640.43 1348.95 1.4255
2459769.911764 9589630.5 8104082.89 1640.25 1349.03 1.4257
2459769.911906 9588525.56 8099746.75 1640.24 1348.8 1.4258
2459769.912047 9583803.81 8099915.38 1640.36 1348.87 1.4259
2459769.912188 9588605.4 8100070.97 1640.44 1348.95 1.426
2459769.91233 9589257.13 8098699.82 1640.53 1348.95 1.4261
2459769.912471 9585559.57 8099140.17 1640.59 1349.03 1.4263
2459769.912612 9588602.33 8097750.16 1640.76 1348.86 1.4264
2459769.912754 9590422.17 8101350.29 1640.64 1348.93 1.4265
2459769.912895 9583375.28 8097122.72 1640.63 1349.07 1.4266
2459769.913036 9582937.56 8096104.88 1640.61 1349.16 1.4268
2459769.913178 9582853.52 8097248.25 1640.74 1349.26 1.4269
2459769.913319 9580733.24 8099381.8 1640.77 1349.46 1.427
2459769.91346 9580314.01 8098530.58 1640.94 1349.65 1.4272
2459769.913602 9585290.28 8097905.67 1640.92 1349.84 1.4273
2459769.913743 9585350.13 8095932.87 1640.88 1350.05 1.4274
2459769.913884 9587454.02 8097649.31 1640.64 1349.99 1.4276
2459769.914026 9587142.58 8098361.63 1640.5 1350.08 1.4277
2459769.914167 9592873.58 8104321.37 1640.14 1350.05 1.4278
2459769.914308 9576753.25 8097036.44 1639.99 1350.12 1.428
2459769.91445 9578968.75 8100192.88 1639.92 1350.13 1.4281
2459769.914591 9576860.91 8099692.03 1639.86 1350.08 1.4283
2459769.914732 9578843.34 8098173.19 1639.9 1350.02 1.4284
2459769.914874 9579709.97 8102838.04 1639.86 1349.98 1.4286
2459769.915015 9580345.26 8098367.53 1639.81 1350.09 1.4287
2459769.915156 9578414.12 8093596.17 1639.73 1349.93 1.4288
2459769.915298 9573310.07 8092230.33 1639.78 1349.93 1.429
2459769.915439 9573402.65 8095619.98 1639.67 1349.99 1.4291
2459769.91558 9568985.44 8095256.25 1639.53 1349.92 1.4293
2459769.915722 9569705.83 8092351.91 1639.42 1349.8 1.4295
2459769.915863 9574596.2 8095534.75 1639.38 1349.63 1.4296
2459769.916004 9577547.24 8097752.17 1639.2 1349.58 1.4298
2459769.916146 9577878.25 8098720.61 1638.96 1349.45 1.4299
2459769.916287 9574060.91 8096669.77 1638.72 1349.51 1.4301
2459769.916423 9571829.86 8098734.18 1638.53 1349.62 1.4302
