2459769.865828 3546935.07 2336350.88 1330.38 884.26 1.4572
2459769.865972 3545509.46 2335316.92 1330.13 884.38 1.4569
2459769.866113 3546385.96 2335140.16 1330.53 884.37 1.4566
2459769.866252 3544442.27 2336358.77 1331.04 884.26 1.4563
2459769.866394 3539956.14 2337061.43 1331.59 884.23 1.4559
2459769.866535 3549496.09 2338798.62 1331.87 884.11 1.4556
2459769.866676 3549916.78 2337838.61 1332.0 884.37 1.4553
2459769.866817 3553543.24 2335713.57 1331.68 884.65 1.455
2459769.866962 3560037.88 2338310.43 1331.57 885.04 1.4546
2459769.867104 3565992.26 2338075.24 1331.57 885.12 1.4543
2459769.867241 3564444.31 2336166.03 1331.56 885.39 1.454
2459769.867383 3558875.72 2337418.14 1331.46 885.7 1.4537
2459769.867524 3557842.77 2335073.78 1331.13 885.62 1.4534
2459769.867666 3550909.6 2332863.47 1331.0 885.51 1.4531
2459769.867808 3558709.79 2336383.59 1331.21 885.63 1.4528
2459769.867948 3556495.9 2338435.78 1331.37 885.64 1.4525
2459769.868091 3566664.21 2338498.0 1330.96 885.71 1.4521
2459769.868233 3567254.43 2337028.75 1331.03 885.65 1.4518
2459769.868372 3565213.24 2338443.79 1330.68 885.56 1.4515
2459769.868514 3563535.36 2337874.14 1330.59 885.53 1.4512
2459769.868656 3570451.69 2337866.31 1330.4 885.49 1.4509
2459769.868796 3568675.05 2336866.98 1330.15 885.43 1.4506
2459769.868939 3564376.69 2335454.69 1329.93 885.19 1.4503
2459769.86908 3563757.04 2336665.04 1330.11 884.94 1.45
2459769.86922 3562718.93 2335541.02 1329.92 884.93 1.4498
2459769.869364 3567465.73 2335661.8 1330.16 885.06 1.4494
2459769.869506 3567604.13 2337519.56 1330.22 884.69 1.4491
2459769.869646 3568319.22 2337551.89 1330.24 884.86 1.4489
2459769.869785 3569017.42 2335288.15 1330.34 885.05 1.4486
2459769.86993 3566817.6 2335598.4 1330.21 884.85 1.4483
2459769.87007 3567999.09 2336434.36 1329.65 884.96 1.448
2459769.87021 3565400.83 2333962.87 1329.66 885.11 1.4477
2459769.870352 3567556.46 2335507.03 1329.32 884.84 1.4474
2459769.870498 3566377.96 2335662.73 1329.08 884.92 1.4471
2459769.87064 3571852.94 2334398.69 1328.97 884.94 1.4469
2459769.870779 3567287.01 2333985.25 1329.41 884.89 1.4466
2459769.870918 3569351.72 2332908.12 1329.75 885.04 1.4463
2459769.871057 3568240.23 2334928.89 1330.03 884.71 1.446
2459769.871199 3566430.5 2334336.82 1329.72 884.72 1.4458
2459769.871342 3569886.19 2335604.14 1329.91 884.7 1.4455
2459769.871484 3570309.46 2335002.63 1329.91 884.69 1.4452
2459769.871623 3569891.09 2335571.39 1329.86 884.57 1.445
2459769.871767 3567486.11 2335395.28 1329.94 884.57 1.4447
2459769.871906 3558765.11 2335165.63 1329.81 884.08 1.4444
2459769.872047 3565856.75 2334974.07 1329.78 883.98 1.4442
2459769.872188 3569532.71 2335301.5 1329.55 884.16 1.4439
2459769.87233 3575272.88 2335856.88 1329.27 884.25 1.4436
2459769.872471 3567853.04 2334171.88 1328.97 884.15 1.4434
2459769.872616 3569584.06 2333811.67 1328.95 884.14 1.4431
2459769.87276 3573279.7 2334311.83 1329.13 884.07 1.4428
2459769.872899 3572618.8 2334709.21 1328.71 883.87 1.4426
2459769.873038 3573514.21 2333179.62 1329.0 884.1 1.4423
2459769.873178 3578911.04 2336353.45 1328.73 884.12 1.4421
2459769.873319 3576214.82 2334539.62 1328.68 884.11 1.4418
2459769.87346 3580113.49 2333803.05 1328.57 884.12 1.4416
2459769.873602 3575151.07 2334115.64 1328.71 884.26 1.4413
2459769.873745 3576798.49 2334784.58 1329.04 884.52 1.4411
2459769.873886 3580016.44 2335827.29 1328.64 884.83 1.4408
2459769.874026 3583670.97 2336632.93 1328.52 885.18 1.4406
2459769.874167 3582773.47 2337038.02 1328.14 885.07 1.4403
2459769.87431 3580056.82 2336403.08 1327.77 885.11 1.4401
2459769.874452 3579730.86 2336577.6 1327.56 884.84 1.4398
2459769.874591 3581574.99 2335530.2 1327.64 884.84 1.4396
2459769.874734 3578739.52 2336597.06 1327.81 884.68 1.4394
2459769.874876 3579157.95 2336363.69 1328.06 884.55 1.4391
2459769.875016 3579318.81 2335890.8 1327.8 884.7 1.4389
2459769.875158 3579613.85 2334398.59 1328.05 884.81 1.4387
2459769.8753 3578303.56 2335040.7 1327.7 884.58 1.4384
2459769.875439 3579198.56 2335871.46 1327.44 884.37 1.4382
2459769.87558 3582036.55 2336301.99 1327.06 884.42 1.438
2459769.875722 3580861.63 2336151.19 1327.1 884.32 1.4378
2459769.875863 3581748.43 2337208.65 1327.13 884.19 1.4375
2459769.876004 3584097.84 2336534.54 1327.22 884.12 1.4373
2459769.876146 3583143.4 2335681.3 1327.37 884.19 1.4371
2459769.876293 3580787.03 2336293.69 1327.39 884.14 1.4368
2459769.876442 3581366.96 2337045.62 1327.07 884.08 1.4366
2459769.876578 3578221.99 2336935.51 1326.98 884.38 1.4364
2459769.876712 3584010.91 2336261.28 1327.21 884.6 1.4362
2459769.876852 3586578.82 2336498.88 1327.14 884.61 1.436
2459769.876994 3586602.61 2336267.97 1327.07 884.1 1.4358
2459769.877135 3589846.92 2337161.4 1326.73 883.65 1.4355
2459769.877276 3586650.75 2335854.77 1326.64 883.83 1.4353
2459769.87742 3594108.06 2339155.8 1326.66 884.1 1.4351
2459769.877562 3591292.33 2340997.35 1326.77 884.1 1.4349
2459769.8777 3591662.49 2340913.42 1327.01 884.12 1.4347
2459769.877842 3595722.21 2338121.73 1326.62 884.07 1.4345
2459769.877983 3592242.43 2337412.17 1326.54 884.24 1.4343
2459769.878124 3593945.48 2337387.39 1326.43 884.33 1.4341
2459769.878267 3590824.88 2335138.0 1326.39 884.24 1.4339
2459769.878408 3593895.07 2334987.47 1326.35 884.06 1.4337
2459769.878548 3591798.94 2336166.11 1326.31 883.8 1.4335
2459769.87869 3591706.48 2336561.23 1326.07 883.87 1.4333
2459769.878831 3589774.25 2336637.56 1326.0 883.81 1.4331
2459769.878978 3588421.04 2336800.41 1325.94 883.7 1.4329
2459769.879121 3589807.33 2336628.76 1326.26 883.55 1.4327
2459769.879258 3593402.7 2337818.1 1326.01 883.58 1.4325
2459769.879398 3590363.41 2337790.37 1325.92 883.47 1.4323
2459769.879538 3589368.38 2337757.38 1326.05 883.37 1.4321
2459769.879679 3593331.18 2335753.82 1326.39 883.34 1.4319
2459769.87982 3592816.36 2335697.22 1326.57 883.16 1.4317
2459769.879962 3589224.09 2334873.31 1326.69 883.08 1.4315
2459769.880103 3589827.03 2335366.07 1326.77 883.04 1.4314
2459769.880244 3591027.21 2336550.03 1326.69 882.78 1.4312
2459769.880386 3588463.63 2335201.41 1326.31 882.66 1.431
2459769.880527 3590094.06 2335168.4 1325.78 882.92 1.4308
2459769.880668 3590855.07 2334543.93 1325.79 883.21 1.4306
2459769.88081 3597150.89 2335850.61 1325.49 883.37 1.4305
2459769.880951 3594062.82 2335899.71 1325.54 883.62 1.4303
2459769.881092 3593868.79 2335093.99 1325.51 883.93 1.4301
2459769.881234 3594728.35 2334140.51 1325.25 884.33 1.4299
2459769.881375 3593329.09 2334296.09 1325.24 884.3 1.4297
2459769.881517 3596937.76 2333624.57 1325.38 884.21 1.4296
2459769.88166 3595182.48 2334013.25 1325.35 884.41 1.4294
2459769.881803 3595721.18 2334950.49 1325.31 884.46 1.4292
2459769.881943 3595196.52 2334479.28 1325.12 884.5 1.4291
2459769.882082 3592046.47 2334157.66 1325.04 884.62 1.4289
2459769.882223 3592904.43 2335397.5 1324.91 884.7 1.4287
2459769.882365 3593685.37 2333344.64 1325.2 884.92 1.4286
2459769.882506 3594595.01 2334409.95 1324.91 885.21 1.4284
2459769.88265 3598543.93 2334398.56 1324.99 885.16 1.4283
2459769.882792 3592065.85 2333485.35 1324.86 885.02 1.4281
2459769.88293 3594279.59 2333897.71 1325.11 884.64 1.4279
2459769.883072 3590184.68 2334769.5 1324.95 884.62 1.4278
2459769.883214 3593061.82 2333280.6 1325.2 884.43 1.4276
2459769.883358 3592333.92 2335618.31 1325.1 884.37 1.4275
2459769.8835 3597604.38 2335239.65 1325.11 884.47 1.4273
2459769.883637 3595219.4 2335350.39 1324.93 884.48 1.4272
2459769.883778 3595791.66 2336088.26 1324.93 884.23 1.427
2459769.883919 3598970.82 2335267.65 1324.94 883.72 1.4269
2459769.884061 3593857.39 2333735.37 1325.18 883.43 1.4267
2459769.884202 3597928.52 2336429.9 1325.05 883.62 1.4266
2459769.884343 3601526.69 2335298.87 1324.8 883.6 1.4264
2459769.884486 3597134.54 2334819.23 1324.7 883.32 1.4263
2459769.884627 3596775.31 2335008.01 1324.5 883.09 1.4262
2459769.884767 3593238.07 2335147.98 1324.59 882.99 1.426
2459769.884909 3594822.32 2335032.64 1324.65 883.47 1.4259
2459769.88505 3593068.77 2335460.56 1324.74 883.31 1.4257
2459769.885191 3597933.45 2336150.18 1324.72 883.4 1.4256
2459769.885333 3597641.07 2336225.93 1324.74 883.4 1.4255
2459769.885474 3598468.09 2336914.72 1324.64 883.6 1.4253
2459769.885616 3598179.16 2336576.47 1324.34 883.74 1.4252
2459769.885758 3597212.7 2337190.84 1323.98 883.92 1.4251
2459769.885898 3598513.89 2338187.45 1323.94 884.09 1.4249
2459769.886039 3592973.7 2336116.79 1323.99 883.87 1.4248
2459769.886181 3591943.78 2335605.3 1324.21 883.87 1.4247
2459769.886322 3589686.83 2335188.7 1324.19 883.66 1.4246
2459769.886463 3591126.22 2336150.15 1324.21 883.67 1.4244
2459769.886605 3591702.76 2335658.75 1324.21 883.66 1.4243
2459769.886746 3591820.08 2334263.8 1324.07 883.79 1.4242
2459769.886887 3592102.93 2335089.99 1323.95 883.92 1.4241
2459769.887029 3593157.89 2335602.32 1324.12 883.76 1.424
2459769.88717 3593494.29 2336151.21 1323.83 883.82 1.4238
2459769.887312 3534289.07 2334748.98 1323.86 883.66 1.4237
2459769.887453 3266182.23 2334786.29 1323.9 883.4 1.4236
2459769.887594 3120388.19 2333920.31 1324.51 883.03 1.4235
2459769.887735 3034165.86 2332710.78 1325.53 882.57 1.4234
2459769.887877 2967652.2 2331948.49 1326.17 882.34 1.4233
2459769.888018 2957431.22 2334153.86 1326.93 882.31 1.4232
2459769.88816 2949937.74 2333958.28 1327.42 882.21 1.4231
2459769.888301 2940100.47 2335101.27 1327.84 882.2 1.423
2459769.888444 2937169.96 2336401.66 1328.27 881.89 1.4229
2459769.88859 2936385.92 2334319.14 1328.48 881.84 1.4227
2459769.888732 2934378.23 2334630.11 1328.82 881.99 1.4226
2459769.888871 2932823.86 2334214.76 1329.51 882.16 1.4225
2459769.88901 2936215.84 2333651.87 1330.18 882.28 1.4224
2459769.889151 2938018.06 2335163.78 1330.49 882.19 1.4223
2459769.88929 2940212.77 2334738.08 1330.55 882.27 1.4223
2459769.889433 2938596.8 2334699.14 1330.44 882.38 1.4222
2459769.889576 2939826.7 2333642.15 1330.19 882.53 1.4221
2459769.889717 2941970.53 2334932.58 1329.99 882.66 1.422
2459769.889862 2946629.68 2333447.69 1329.93 882.62 1.4219
2459769.890002 2939223.26 2334881.28 1330.02 882.63 1.4218
2459769.890138 2941708.14 2334005.19 1329.79 882.78 1.4217
2459769.890282 2952534.42 2334285.62 1329.86 882.85 1.4216
2459769.890424 2954860.01 2333606.93 1330.03 882.87 1.4215
2459769.890565 2964265.5 2334846.75 1329.74 882.93 1.4214
2459769.890706 3017508.43 2334726.44 1329.62 882.91 1.4214
2459769.890847 3108390.64 2335924.08 1329.39 882.75 1.4213
2459769.89099 3224600.16 2337017.38 1329.21 882.79 1.4212
2459769.89113 3497391.94 2337084.94 1329.8 882.65 1.4211
2459769.891269 3592674.09 2336994.61 1329.32 883.01 1.421
2459769.89141 3598813.03 2338615.17 1327.63 882.76 1.421
2459769.891552 3598000.03 2338621.71 1326.25 882.77 1.4209
2459769.891693 3598941.43 2339674.14 1324.98 882.9 1.4208
2459769.891834 3601886.39 2340396.23 1324.22 883.23 1.4207
2459769.891976 3602806.14 2340405.74 1323.5 883.44 1.4207
2459769.89212 3597392.99 2339954.94 1323.13 883.44 1.4206
2459769.892262 3601247.07 2339159.41 1322.77 883.58 1.4205
2459769.8924 3601257.02 2338741.7 1322.86 883.47 1.4205
2459769.892542 3600193.56 2337961.8 1322.85 883.31 1.4204
2459769.892684 3600836.06 2337503.39 1322.62 883.41 1.4203
2459769.892824 3601733.15 2336931.68 1322.5 883.3 1.4203
2459769.892965 3598827.33 2336413.52 1322.21 883.06 1.4202
2459769.893106 3603951.48 2337455.87 1321.91 883.15 1.4201
2459769.893249 3605484.44 2339822.2 1322.11 883.16 1.4201
2459769.893389 3604259.54 2338247.01 1322.04 883.09 1.42
2459769.89353 3605803.82 2338632.37 1322.02 883.04 1.42
2459769.893672 3604527.34 2338594.41 1322.0 882.94 1.4199
2459769.893818 3606307.64 2338059.42 1321.93 883.23 1.4199
2459769.893958 3607956.23 2338741.71 1322.42 883.03 1.4198
2459769.894096 3605376.24 2337233.81 1322.69 882.75 1.4198
2459769.894237 3603788.09 2340153.77 1322.56 882.86 1.4197
2459769.894379 3604092.48 2339275.25 1322.3 883.01 1.4197
2459769.89452 3603477.06 2339862.07 1322.27 882.98 1.4196
2459769.894661 3604437.87 2338024.05 1322.08 883.2 1.4196
2459769.894802 3605360.06 2337870.75 1322.13 882.98 1.4195
2459769.894944 3605334.58 2338154.15 1322.31 883.15 1.4195
2459769.895085 3606658.38 2338057.82 1322.15 882.76 1.4194
2459769.895226 3605824.9 2338735.54 1322.11 882.76 1.4194
2459769.895368 3604374.16 2338810.45 1322.34 882.71 1.4194
2459769.895509 3601086.96 2338430.58 1322.11 882.49 1.4193
2459769.895653 3601610.29 2338409.36 1322.01 882.47 1.4193
2459769.895794 3606416.74 2339503.83 1321.85 882.33 1.4192
2459769.895933 3602824.66 2339045.39 1322.13 882.13 1.4192
2459769.896074 3599969.5 2336753.86 1322.05 882.09 1.4192
2459769.896216 3600351.19 2338756.54 1322.03 882.24 1.4191
2459769.896357 3598639.15 2338708.32 1322.06 882.47 1.4191
2459769.896498 3601067.65 2337484.52 1321.91 882.64 1.4191
2459769.89664 3598143.39 2336670.81 1322.29 882.86 1.4191
2459769.896781 3597136.62 2335933.45 1322.22 883.08 1.419
2459769.896922 3597652.63 2334597.09 1322.18 882.98 1.419
2459769.897064 3599960.94 2334165.9 1322.04 883.16 1.419
2459769.897205 3598781.73 2335125.8 1321.82 882.88 1.419
2459769.897347 3599994.62 2336627.24 1321.79 883.16 1.4189
2459769.897488 3597961.91 2336021.68 1321.8 882.81 1.4189
2459769.897632 3596855.92 2335045.42 1321.84 882.55 1.4189
2459769.897774 3598676.87 2336281.37 1321.92 882.61 1.4189
2459769.897912 3598126.65 2335475.59 1321.82 882.5 1.4189
2459769.898053 3596793.88 2335548.98 1321.88 882.42 1.4189
2459769.898198 3598042.9 2335403.5 1322.06 882.54 1.4188
2459769.89834 3600038.83 2334817.98 1321.88 882.71 1.4188
2459769.89848 3598430.73 2335252.04 1322.09 882.8 1.4188
2459769.898618 3599342.09 2335214.86 1321.82 882.86 1.4188
2459769.89876 3599458.79 2335802.4 1321.69 882.93 1.4188
2459769.898901 3602206.57 2333740.42 1321.76 883.02 1.4188
2459769.899043 3596331.72 2332099.36 1321.96 882.66 1.4188
2459769.899184 3592770.53 2334833.1 1321.87 882.66 1.4188
2459769.899325 3597724.79 2334549.56 1321.88 882.66 1.4188
2459769.899466 3596249.48 2333119.99 1321.96 882.79 1.4188
2459769.899608 3594290.09 2336075.4 1321.84 882.86 1.4188
2459769.899749 3594927.6 2335402.18 1321.6 882.92 1.4188
2459769.89989 3596794.01 2335674.19 1321.33 883.01 1.4188
2459769.900032 3592617.91 2335531.12 1321.51 882.81 1.4188
2459769.900173 3592338.61 2335576.16 1321.72 882.62 1.4188
2459769.900321 3595221.12 2336475.28 1321.99 882.45 1.4188
2459769.90047 3598645.43 2335878.39 1321.97 882.16 1.4188
2459769.900607 3595188.38 2336036.48 1322.08 882.03 1.4188
2459769.90074 3593504.47 2336299.47 1321.86 881.93 1.4188
2459769.90088 3594049.61 2336412.21 1321.8 882.05 1.4189
2459769.90103 3592695.27 2335869.74 1321.71 881.9 1.4189
2459769.901172 3590653.46 2337173.9 1321.39 882.13 1.4189
2459769.901304 3591617.08 2336272.1 1321.07 881.99 1.4189
2459769.901445 3592483.24 2335072.95 1321.04 882.43 1.4189
2459769.901587 3591267.09 2336033.55 1321.07 882.51 1.4189
2459769.901728 3592693.63 2334680.48 1321.08 882.63 1.419
2459769.901871 3590032.42 2336443.73 1321.14 882.62 1.419
2459769.902013 3594723.61 2336387.51 1321.46 882.72 1.419
2459769.902152 3592789.64 2336146.78 1321.39 882.93 1.419
2459769.902297 3596166.55 2334714.63 1321.26 883.07 1.4191
2459769.902442 3594306.83 2334936.71 1321.17 882.77 1.4191
2459769.90258 3594638.03 2334289.67 1321.02 882.57 1.4191
2459769.902718 3593516.31 2334652.77 1320.7 882.33 1.4191
2459769.902859 3592242.12 2334602.85 1320.9 882.27 1.4192
2459769.903 3593877.82 2333862.86 1321.14 882.14 1.4192
2459769.903144 3592245.76 2336202.02 1320.97 881.99 1.4192
2459769.903286 3593605.27 2335516.94 1321.08 882.17 1.4193
2459769.903425 3592936.97 2334542.71 1321.18 881.98 1.4193
2459769.903566 3591797.34 2333504.22 1321.28 882.09 1.4193
2459769.903707 3592020.46 2335380.13 1321.25 882.02 1.4194
2459769.90385 3593570.16 2336436.83 1320.69 881.99 1.4194
2459769.903992 3593250.99 2336415.35 1320.51 882.5 1.4195
2459769.904132 3590608.46 2335703.78 1320.32 882.42 1.4195
2459769.904272 3593125.75 2335191.77 1320.42 882.34 1.4195
2459769.904416 3590368.67 2334893.46 1320.59 882.12 1.4196
2459769.904557 3588627.53 2334217.8 1320.87 881.87 1.4196
2459769.904696 3587270.55 2335042.96 1321.14 882.13 1.4197
2459769.904837 3584453.91 2333066.52 1320.94 882.35 1.4197
2459769.904979 3585137.08 2335082.15 1320.93 882.38 1.4198
2459769.90512 3583062.97 2334741.67 1320.93 882.28 1.4198
2459769.905261 3581895.75 2334290.35 1321.23 882.19 1.4199
2459769.905404 3589696.82 2334171.94 1321.43 881.8 1.42
2459769.905544 3587677.29 2334790.01 1321.55 881.88 1.42
2459769.905686 3586081.79 2332249.8 1321.05 882.14 1.4201
2459769.90583 3587736.68 2334632.88 1320.59 881.81 1.4201
2459769.905973 3583690.2 2333844.6 1320.61 881.91 1.4202
2459769.906116 3587557.44 2335411.79 1320.91 882.04 1.4202
2459769.906258 3584325.34 2335381.83 1321.02 882.05 1.4203
2459769.906396 3590067.0 2336519.09 1320.7 881.66 1.4204
2459769.906535 3585394.49 2335968.71 1320.63 881.5 1.4204
2459769.906675 3581375.13 2333877.68 1320.71 881.36 1.4205
2459769.906816 3583255.02 2334873.73 1320.89 881.5 1.4206
2459769.906957 3583171.33 2334894.05 1321.12 881.84 1.4206
2459769.907104 3581738.73 2333259.06 1321.0 882.21 1.4207
2459769.907245 3580548.48 2333541.96 1321.03 882.1 1.4208
2459769.907381 3583363.21 2334859.67 1320.63 881.69 1.4209
2459769.907524 3580190.1 2333875.03 1320.43 881.73 1.4209
2459769.907664 3582600.16 2333932.88 1320.19 881.91 1.421
2459769.907806 3577887.15 2332611.33 1320.2 881.89 1.4211
2459769.907948 3578466.27 2331760.94 1320.23 881.9 1.4212
2459769.90809 3583831.38 2334148.76 1320.14 881.93 1.4212
2459769.908233 3580989.37 2335505.16 1320.0 881.97 1.4213
2459769.908374 3579721.38 2333707.45 1320.12 881.92 1.4214
2459769.908512 3574586.16 2333633.44 1320.23 881.8 1.4215
2459769.908654 3572587.49 2331780.2 1320.01 881.59 1.4216
2459769.908795 3577232.67 2332560.57 1319.98 881.43 1.4217
2459769.908936 3574816.95 2332595.53 1320.19 881.38 1.4218
2459769.909084 3574999.23 2334361.55 1319.94 881.5 1.4218
2459769.909232 3577413.64 2332141.52 1319.95 881.76 1.4219
2459769.90937 3574831.79 2334020.69 1319.9 882.07 1.422
2459769.909506 3580194.08 2335167.1 1319.83 881.76 1.4221
2459769.909644 3579972.34 2335531.2 1319.81 881.94 1.4222
2459769.909784 3578171.38 2334954.39 1319.7 882.05 1.4223
2459769.90993 3571578.85 2333580.52 1319.76 881.84 1.4224
2459769.910072 3573122.95 2334076.78 1319.81 881.9 1.4225
2459769.910208 3567651.17 2335056.87 1319.87 881.77 1.4226
2459769.91035 3571890.14 2334507.43 1320.05 881.71 1.4227
2459769.910491 3563951.08 2334810.93 1319.95 881.6 1.4228
2459769.910632 3568108.11 2334522.43 1320.11 881.33 1.4229
2459769.910774 3564981.14 2334666.07 1319.93 881.07 1.423
2459769.910915 3561635.05 2335083.31 1320.15 880.96 1.4231
2459769.911059 3557497.7 2335124.29 1320.25 881.12 1.4232
2459769.9112 3559300.0 2333192.3 1320.38 880.99 1.4233
2459769.911339 3558058.69 2333885.14 1320.38 881.1 1.4235
2459769.91148 3555950.09 2333124.46 1320.13 881.1 1.4236
2459769.911622 3555959.89 2332462.98 1320.01 880.97 1.4237
2459769.911763 3550855.09 2334986.9 1319.62 881.14 1.4238
2459769.911904 3551020.37 2334154.22 1319.82 881.22 1.4239
2459769.912046 3552747.86 2333566.43 1320.17 881.12 1.424
2459769.912187 3553014.19 2334554.48 1320.16 881.01 1.4241
2459769.912331 3553113.36 2333495.13 1320.15 881.0 1.4243
2459769.912472 3548419.57 2332600.27 1320.12 880.9 1.4244
2459769.912614 3546446.79 2334136.94 1320.13 881.17 1.4245
2459769.912755 3551894.08 2334958.56 1319.89 881.09 1.4246
2459769.912894 3554182.33 2335387.9 1320.08 880.89 1.4248
2459769.913038 3553245.88 2334452.03 1319.91 880.89 1.4249
2459769.91318 3547156.94 2331707.01 1320.22 880.87 1.425
2459769.913318 3550825.82 2333355.13 1320.13 880.73 1.4252
2459769.913459 3549589.34 2331745.13 1320.21 880.61 1.4253
2459769.9136 3553261.5 2331352.74 1320.06 880.5 1.4254
2459769.913746 3552134.75 2331935.41 1319.87 880.35 1.4255
2459769.913887 3550870.5 2331184.17 1319.77 880.36 1.4257
2459769.914024 3547682.83 2329823.5 1319.78 880.36 1.4258
2459769.914166 3547905.72 2332771.23 1319.53 880.32 1.426
2459769.914307 3544211.7 2332139.72 1319.51 880.15 1.4261
2459769.914453 3538046.05 2332149.5 1319.42 880.05 1.4262
2459769.914597 3533351.42 2330655.9 1319.33 880.02 1.4264
2459769.914734 3533135.84 2332129.45 1319.35 879.99 1.4265
2459769.914872 3538942.52 2331522.97 1319.19 880.2 1.4267
2459769.915014 3538298.42 2331620.45 1319.1 880.16 1.4268
2459769.915156 3536499.25 2331719.24 1318.96 880.25 1.427
2459769.915297 3532583.93 2330654.49 1319.22 880.3 1.4271
2459769.91544 3532888.31 2330905.77 1319.02 880.3 1.4273
2459769.91558 3521891.51 2330943.89 1318.71 880.39 1.4274
2459769.91572 3524973.43 2332988.4 1318.72 880.55 1.4276
2459769.915862 3525729.05 2332066.39 1318.81 880.76 1.4277
2459769.916003 3534817.31 2331317.93 1318.78 880.87 1.4279
2459769.916144 3529686.72 2332984.38 1318.64 881.04 1.428
2459769.916286 3532782.49 2332202.89 1318.47 880.76 1.4282
2459769.916427 3529820.38 2332110.89 1318.3 880.67 1.4283
2459769.916506 3527622.0 2335645.01 1318.17 880.6 1.4284
