2459769.865829 10183087.84 7962425.99 1495.15 1343.62 1.4593
2459769.865971 10179699.9 7961978.89 1494.59 1343.6 1.459
2459769.866112 10179116.11 7960649.04 1495.0 1343.7 1.4587
2459769.866253 10172743.44 7961162.13 1495.34 1343.89 1.4583
2459769.866395 10171182.4 7959105.42 1496.07 1343.98 1.458
2459769.866536 10176966.65 7961815.09 1496.26 1344.2 1.4577
2459769.866677 10186035.2 7959259.57 1496.28 1343.8 1.4573
2459769.866819 10183501.13 7957873.26 1496.13 1343.61 1.457
2459769.86696 10194951.46 7959876.62 1495.86 1343.31 1.4567
2459769.867101 10201133.45 7961695.29 1495.91 1343.01 1.4564
2459769.867243 10198043.78 7965250.04 1495.94 1342.5 1.4561
2459769.867384 10202153.74 7965743.44 1495.88 1342.15 1.4557
2459769.867525 10181130.62 7958035.54 1495.57 1342.23 1.4554
2459769.867667 10180563.7 7963302.51 1495.48 1342.33 1.4551
2459769.867808 10188369.07 7956431.97 1495.76 1342.18 1.4548
2459769.867949 10194010.08 7962217.45 1496.0 1342.15 1.4545
2459769.868091 10207060.95 7964042.92 1495.37 1342.08 1.4542
2459769.868232 10205494.26 7965456.38 1495.13 1342.15 1.4539
2459769.868373 10200287.35 7961873.8 1494.79 1342.26 1.4536
2459769.868515 10200339.69 7961080.72 1494.58 1342.29 1.4533
2459769.868656 10212650.7 7966166.62 1494.26 1342.34 1.453
2459769.868797 10206892.19 7966930.93 1493.86 1342.41 1.4527
2459769.868939 10197959.04 7962217.2 1493.72 1342.69 1.4524
2459769.86908 10195249.13 7959723.38 1493.67 1342.96 1.4521
2459769.869221 10196851.52 7962493.55 1493.6 1343.33 1.4518
2459769.869363 10200387.24 7960012.84 1493.62 1343.34 1.4515
2459769.869504 10200208.28 7959463.09 1493.79 1343.54 1.4512
2459769.869645 10206082.74 7962494.42 1493.94 1343.51 1.4509
2459769.869787 10205523.59 7957604.97 1494.16 1343.46 1.4506
2459769.869928 10199909.1 7958613.76 1493.9 1343.47 1.4503
2459769.870069 10203887.14 7962848.71 1493.41 1343.51 1.45
2459769.870211 10199109.67 7965191.7 1493.17 1343.5 1.4497
2459769.870352 10203219.43 7964904.66 1492.54 1343.6 1.4495
2459769.870493 10205945.19 7963851.37 1492.25 1343.67 1.4492
2459769.870635 10212628.28 7962582.64 1492.1 1343.82 1.4489
2459769.870776 10209556.44 7963181.66 1492.2 1344.02 1.4486
2459769.870918 10212739.75 7962369.49 1492.54 1343.79 1.4483
2459769.871059 10201596.5 7958813.52 1492.81 1343.94 1.448
2459769.8712 10206774.93 7963102.96 1492.83 1344.09 1.4478
2459769.871342 10211647.98 7964221.0 1493.0 1344.06 1.4475
2459769.871483 10210447.25 7961884.71 1492.76 1344.02 1.4472
2459769.871624 10216280.56 7969559.53 1492.68 1344.09 1.447
2459769.871766 10213551.35 7967994.28 1492.75 1344.03 1.4467
2459769.871907 10194802.41 7964243.76 1492.61 1344.49 1.4464
2459769.872048 10207349.86 7964114.53 1492.55 1344.53 1.4461
2459769.87219 10217771.98 7968730.43 1492.29 1344.64 1.4459
2459769.872331 10218766.9 7965705.8 1491.96 1344.49 1.4456
2459769.872472 10214589.38 7966533.49 1491.85 1344.54 1.4454
2459769.872614 10215540.45 7966363.32 1491.66 1344.49 1.4451
2459769.872755 10222317.13 7965065.26 1491.71 1344.51 1.4448
2459769.872896 10220564.58 7964438.26 1491.47 1344.67 1.4446
2459769.873038 10222742.12 7961109.93 1491.63 1344.73 1.4443
2459769.873179 10233937.92 7967339.78 1491.55 1344.66 1.4441
2459769.87332 10230559.18 7963678.98 1491.34 1344.62 1.4438
2459769.873462 10230094.57 7959824.7 1491.06 1344.56 1.4435
2459769.873603 10223411.73 7962694.32 1491.07 1344.35 1.4433
2459769.873744 10216474.79 7954230.46 1491.27 1344.0 1.443
2459769.873886 10225914.46 7955211.04 1491.06 1343.6 1.4428
2459769.874027 10226864.36 7954906.46 1490.78 1343.38 1.4426
2459769.874168 10230796.78 7958517.58 1490.44 1343.3 1.4423
2459769.87431 10229076.11 7958596.34 1490.11 1343.06 1.4421
2459769.874451 10222567.51 7959108.69 1489.58 1343.16 1.4418
2459769.874592 10223517.27 7959274.6 1489.6 1343.31 1.4416
2459769.874734 10226318.37 7963717.63 1489.73 1343.63 1.4413
2459769.874875 10220152.62 7957898.82 1489.95 1343.92 1.4411
2459769.875016 10218758.51 7953702.78 1489.99 1343.91 1.4409
2459769.875158 10228816.7 7960442.49 1490.2 1343.93 1.4406
2459769.875299 10226330.23 7965223.76 1489.92 1344.32 1.4404
2459769.87544 10229201.74 7961192.13 1489.6 1344.48 1.4402
2459769.875582 10231851.01 7958874.68 1489.14 1344.36 1.4399
2459769.875723 10224550.75 7954800.99 1489.13 1344.4 1.4397
2459769.875864 10230899.59 7959215.96 1489.12 1344.45 1.4395
2459769.876006 10240670.37 7962466.84 1489.17 1344.45 1.4392
2459769.876147 10235320.08 7958330.87 1489.28 1344.29 1.439
2459769.876288 10228882.56 7956496.96 1489.3 1344.23 1.4388
2459769.87643 10237643.26 7962409.29 1488.91 1344.26 1.4386
2459769.876571 10234089.59 7961521.9 1489.01 1343.85 1.4383
2459769.876712 10246017.07 7968170.19 1488.85 1343.73 1.4381
2459769.876854 10246589.47 7964863.36 1488.97 1343.84 1.4379
2459769.876995 10245740.46 7965433.06 1489.12 1344.51 1.4377
2459769.877136 10242729.85 7963240.15 1488.74 1344.9 1.4375
2459769.877278 10241998.58 7959059.82 1488.49 1344.98 1.4373
2459769.877419 10250628.94 7957748.35 1488.36 1344.96 1.437
2459769.87756 10251934.24 7959189.33 1488.31 1344.86 1.4368
2459769.877702 10245045.21 7955502.05 1488.4 1344.75 1.4366
2459769.877843 10264106.16 7963038.78 1488.2 1344.71 1.4364
2459769.877984 10252451.23 7962104.83 1487.95 1344.43 1.4362
2459769.878126 10260127.96 7963462.12 1487.9 1344.24 1.436
2459769.878267 10256620.69 7964005.68 1487.93 1344.25 1.4358
2459769.878408 10260504.82 7961417.3 1487.97 1344.35 1.4356
2459769.87855 10261751.08 7963371.17 1488.02 1344.53 1.4354
2459769.878691 10255316.23 7962230.93 1487.62 1344.73 1.4352
2459769.878832 10247370.97 7956501.65 1487.64 1345.05 1.435
2459769.878974 10246490.41 7956395.27 1487.67 1345.21 1.4348
2459769.879115 10248234.03 7956368.54 1487.74 1345.4 1.4346
2459769.879256 10251282.16 7956916.97 1487.57 1345.4 1.4344
2459769.879398 10248012.09 7958132.78 1487.57 1345.55 1.4342
2459769.879539 10242038.88 7955107.06 1487.43 1345.69 1.434
2459769.87968 10256250.49 7957191.37 1487.91 1345.76 1.4338
2459769.879822 10262544.02 7957970.8 1488.23 1345.99 1.4336
2459769.879963 10255716.68 7958671.21 1488.24 1346.1 1.4335
2459769.880104 10256799.59 7960520.93 1488.21 1345.95 1.4333
2459769.880246 10253915.58 7961290.41 1488.01 1346.26 1.4331
2459769.880387 10250146.11 7956712.4 1487.5 1346.57 1.4329
2459769.880528 10258186.14 7959843.37 1487.04 1346.48 1.4327
2459769.88067 10258995.13 7958759.53 1486.8 1346.35 1.4325
2459769.880811 10268511.03 7958957.2 1486.44 1345.98 1.4324
2459769.880953 10259577.29 7956775.6 1486.46 1345.73 1.4322
2459769.881094 10258252.4 7959716.92 1486.41 1345.41 1.432
2459769.881235 10270685.47 7963960.6 1486.1 1345.0 1.4318
2459769.881377 10264285.23 7962001.44 1486.05 1344.68 1.4317
2459769.881518 10266894.76 7956636.25 1486.17 1344.65 1.4315
2459769.881659 10266920.12 7959641.19 1486.11 1344.31 1.4313
2459769.881801 10265041.35 7959469.84 1486.04 1344.12 1.4311
2459769.881942 10265495.31 7957941.19 1485.81 1343.95 1.431
2459769.882083 10268204.65 7962330.58 1485.94 1343.9 1.4308
2459769.882225 10265424.17 7963091.36 1486.0 1343.89 1.4306
2459769.882366 10266285.55 7961421.78 1485.92 1343.73 1.4305
2459769.882507 10277079.58 7964848.46 1485.83 1343.5 1.4303
2459769.882649 10282231.9 7963687.05 1485.76 1343.27 1.4302
2459769.88279 10276441.38 7966434.53 1485.45 1343.14 1.43
2459769.882931 10267180.65 7961040.92 1485.57 1343.26 1.4298
2459769.883073 10257080.97 7958933.62 1485.63 1343.38 1.4297
2459769.883214 10264596.16 7958019.06 1485.75 1343.66 1.4295
2459769.883355 10264702.6 7960165.05 1485.88 1343.79 1.4294
2459769.883497 10272492.26 7957907.15 1486.13 1343.76 1.4292
2459769.883638 10281255.3 7967987.56 1485.94 1343.83 1.4291
2459769.883779 10273718.01 7962547.47 1485.8 1344.18 1.4289
2459769.883921 10281641.36 7961803.74 1485.68 1344.59 1.4288
2459769.884062 10270147.65 7957878.02 1485.81 1345.12 1.4286
2459769.884203 10276969.88 7957924.7 1485.92 1344.92 1.4285
2459769.884345 10280964.74 7956396.73 1485.91 1345.17 1.4283
2459769.884486 10271691.17 7955170.19 1485.69 1345.48 1.4282
2459769.884627 10274416.86 7961039.92 1485.36 1345.72 1.428
2459769.884769 10266806.15 7957157.14 1485.33 1345.83 1.4279
2459769.88491 10270048.15 7956538.28 1485.28 1345.66 1.4278
2459769.885051 10269804.36 7955132.39 1485.26 1345.83 1.4276
2459769.885193 10278813.74 7958969.3 1485.13 1345.72 1.4275
2459769.885334 10278210.61 7960394.71 1485.04 1345.71 1.4273
2459769.885475 10276723.29 7954831.69 1484.82 1345.48 1.4272
2459769.885617 10275270.17 7957151.72 1484.63 1345.32 1.4271
2459769.885758 10277632.75 7959670.09 1484.37 1345.12 1.427
2459769.885899 10283201.02 7963494.66 1484.08 1344.93 1.4268
2459769.886041 10273662.91 7963135.64 1483.89 1345.01 1.4267
2459769.886182 10265433.47 7961079.2 1484.11 1344.99 1.4266
2459769.886323 10266120.74 7961196.01 1484.23 1345.41 1.4264
2459769.886465 10267566.55 7961258.02 1484.39 1345.37 1.4263
2459769.886606 10272146.68 7965066.58 1484.53 1345.35 1.4262
2459769.886747 10271190.67 7961835.86 1484.53 1345.18 1.4261
2459769.886889 10259898.9 7951571.6 1484.55 1345.01 1.426
2459769.88703 10269021.64 7959245.97 1484.51 1345.16 1.4258
2459769.887171 10268325.55 7955764.79 1484.35 1345.07 1.4257
2459769.887313 10164610.17 7959140.1 1484.17 1345.18 1.4256
2459769.887454 9693758.71 7956142.91 1484.03 1345.23 1.4255
2459769.887595 9430323.99 7950641.9 1484.51 1345.29 1.4254
2459769.887737 9275014.09 7945399.28 1485.67 1345.37 1.4253
2459769.887878 9159279.06 7946895.84 1486.51 1345.38 1.4251
2459769.888019 9138587.28 7943490.63 1487.57 1345.17 1.425
2459769.888161 9133298.91 7950609.51 1488.2 1345.03 1.4249
2459769.888302 9108005.62 7946162.92 1488.85 1344.78 1.4248
2459769.888443 9100994.7 7946542.16 1489.51 1344.97 1.4247
2459769.888585 9105426.9 7951514.32 1490.03 1345.09 1.4246
2459769.888726 9107313.35 7950781.6 1490.54 1344.87 1.4245
2459769.888868 9095413.1 7947523.27 1491.41 1344.74 1.4244
2459769.889009 9100372.28 7942266.59 1492.36 1344.48 1.4243
2459769.88915 9098271.43 7939074.64 1493.02 1344.44 1.4242
2459769.889291 9107239.56 7946890.85 1493.28 1344.22 1.4241
2459769.889433 9113677.47 7953402.31 1493.38 1343.97 1.424
2459769.889574 9112304.94 7949631.8 1493.32 1343.8 1.4239
2459769.889716 9114647.79 7953345.84 1493.32 1343.66 1.4238
2459769.889857 9131223.37 7957737.81 1493.25 1343.7 1.4237
2459769.889998 9108249.38 7952659.63 1493.34 1343.68 1.4236
2459769.89014 9118152.37 7954538.19 1493.32 1343.52 1.4236
2459769.890281 9134021.19 7950287.39 1493.39 1343.46 1.4235
2459769.890422 9139957.81 7952811.09 1493.56 1343.46 1.4234
2459769.890564 9161870.05 7956228.61 1493.48 1343.44 1.4233
2459769.890705 9257945.97 7955127.71 1493.37 1343.56 1.4232
2459769.890846 9416219.8 7961308.52 1493.16 1343.94 1.4231
2459769.890988 9609251.7 7962404.11 1493.0 1344.23 1.4231
2459769.891129 10100892.45 7961795.06 1493.7 1344.81 1.423
2459769.89127 10274560.85 7965951.25 1493.25 1344.95 1.4229
2459769.891412 10290039.28 7966978.32 1491.49 1345.39 1.4228
2459769.891553 10290376.71 7967407.34 1489.77 1345.71 1.4227
2459769.891694 10284089.0 7967366.63 1488.25 1345.89 1.4227
2459769.891836 10295601.9 7971293.65 1486.75 1345.86 1.4226
2459769.891977 10293208.15 7967425.48 1485.74 1345.59 1.4225
2459769.892118 10276620.74 7963526.97 1484.97 1345.54 1.4225
2459769.89226 10282679.14 7962075.32 1484.44 1345.36 1.4224
2459769.892401 10282689.47 7964762.85 1484.01 1345.44 1.4223
2459769.892542 10282417.69 7962972.81 1483.48 1345.57 1.4222
2459769.892684 10291198.17 7967428.6 1482.93 1345.42 1.4222
2459769.892825 10290932.15 7965108.02 1482.75 1345.51 1.4221
2459769.892966 10282506.46 7962576.25 1482.38 1345.73 1.4221
2459769.893108 10286665.46 7960608.07 1482.0 1345.6 1.422
2459769.893249 10296133.09 7964394.97 1481.78 1345.56 1.4219
2459769.89339 10290430.39 7961934.18 1481.9 1345.59 1.4219
2459769.893532 10295624.07 7965154.01 1482.07 1345.62 1.4218
2459769.893673 10293486.48 7963854.64 1482.0 1345.7 1.4218
2459769.893814 10298382.67 7967125.04 1481.89 1345.73 1.4217
2459769.893956 10300268.37 7969612.13 1482.22 1345.92 1.4217
2459769.894097 10294205.57 7963703.38 1482.47 1346.19 1.4216
2459769.894238 10290554.76 7965927.47 1482.29 1346.19 1.4216
2459769.89438 10291436.31 7964307.95 1481.98 1346.15 1.4215
2459769.894521 10296376.26 7969515.37 1482.14 1345.93 1.4215
2459769.894662 10300342.89 7969847.01 1481.91 1346.04 1.4214
2459769.894804 10298439.35 7968906.58 1482.18 1346.02 1.4214
2459769.894945 10297344.4 7968041.59 1482.35 1345.95 1.4213
2459769.895086 10302441.77 7970613.64 1482.17 1346.36 1.4213
2459769.895228 10301533.69 7973324.01 1482.11 1346.49 1.4212
2459769.895369 10294022.96 7967560.44 1482.35 1346.67 1.4212
2459769.89551 10295151.27 7974137.19 1482.1 1347.04 1.4212
2459769.895652 10295389.57 7972378.58 1481.99 1346.96 1.4211
2459769.895793 10290660.56 7967153.22 1482.04 1347.25 1.4211
2459769.895934 10285988.54 7966362.12 1481.96 1347.37 1.4211
2459769.896076 10286734.38 7967916.83 1482.1 1347.31 1.421
2459769.896217 10289898.09 7970022.79 1482.08 1347.04 1.421
2459769.896358 10284448.27 7967487.75 1482.12 1346.69 1.421
2459769.8965 10286827.5 7968116.13 1481.96 1346.62 1.4209
2459769.896641 10278038.84 7964145.06 1482.23 1346.49 1.4209
2459769.896782 10278318.79 7964700.59 1482.16 1346.37 1.4209
2459769.896924 10287770.11 7970372.92 1482.13 1346.23 1.4209
2459769.897065 10283854.03 7961765.87 1482.0 1346.15 1.4208
2459769.897206 10284079.86 7966614.43 1481.77 1346.2 1.4208
2459769.897348 10284243.34 7968293.25 1481.6 1346.01 1.4208
2459769.897489 10281160.98 7966449.57 1481.48 1346.14 1.4208
2459769.89763 10279767.03 7969173.45 1481.4 1346.54 1.4207
2459769.897772 10285007.5 7967993.29 1481.35 1346.59 1.4207
2459769.897913 10280770.41 7966943.85 1481.12 1346.83 1.4207
2459769.898054 10284053.68 7968757.58 1481.07 1347.04 1.4207
2459769.898196 10284990.18 7968652.66 1481.14 1346.8 1.4207
2459769.898337 10279429.11 7963254.54 1481.21 1346.73 1.4207
2459769.898478 10274139.25 7961629.08 1481.32 1346.74 1.4207
2459769.89862 10277846.1 7960690.05 1481.3 1346.78 1.4207
2459769.898761 10271754.52 7958220.32 1481.04 1346.82 1.4206
2459769.898902 10286875.1 7967394.64 1481.01 1346.84 1.4206
2459769.899044 10273371.14 7961030.42 1481.11 1346.98 1.4206
2459769.899185 10268219.84 7963036.24 1480.91 1347.08 1.4206
2459769.899326 10270667.49 7958244.66 1481.05 1346.97 1.4206
2459769.899468 10270449.53 7959625.19 1481.04 1346.93 1.4206
2459769.899609 10262579.65 7959413.4 1480.82 1346.95 1.4206
2459769.89975 10266031.46 7961196.06 1480.69 1346.99 1.4206
2459769.899892 10270974.5 7962439.24 1480.54 1346.99 1.4206
2459769.900033 10256289.49 7957257.62 1480.86 1346.93 1.4206
2459769.900175 10264987.98 7960418.49 1481.23 1347.23 1.4206
2459769.900316 10267196.88 7965055.66 1481.46 1347.29 1.4207
2459769.900457 10279374.06 7967172.9 1481.36 1347.5 1.4207
2459769.900599 10266413.02 7956327.82 1481.37 1347.52 1.4207
2459769.90074 10264693.31 7959907.9 1481.44 1347.5 1.4207
2459769.900881 10266819.69 7962283.13 1481.3 1347.62 1.4207
2459769.901023 10263439.58 7962726.57 1481.14 1347.64 1.4207
2459769.901164 10255733.37 7959046.8 1480.72 1347.62 1.4207
2459769.901305 10258572.45 7956925.64 1480.53 1347.65 1.4207
2459769.901447 10260439.15 7957252.7 1480.67 1347.4 1.4208
2459769.901588 10260987.27 7960971.61 1480.87 1347.19 1.4208
2459769.901729 10260730.21 7959826.12 1481.04 1346.94 1.4208
2459769.901871 10259814.4 7965024.53 1481.05 1347.04 1.4208
2459769.902012 10263567.28 7961120.21 1481.34 1346.79 1.4208
2459769.902153 10264294.49 7960180.92 1481.22 1346.64 1.4209
2459769.902295 10267843.94 7963660.15 1481.03 1346.58 1.4209
2459769.902436 10261837.32 7960936.41 1480.88 1346.63 1.4209
2459769.902577 10261703.69 7962946.22 1480.91 1346.94 1.4209
2459769.902719 10262888.27 7962872.77 1480.75 1347.29 1.421
2459769.90286 10262742.31 7963645.29 1480.77 1347.22 1.421
2459769.903001 10258306.43 7958685.89 1480.85 1347.23 1.421
2459769.903143 10260338.79 7962471.68 1480.85 1347.26 1.4211
2459769.903284 10267635.38 7965483.88 1480.79 1347.29 1.4211
2459769.903425 10264951.0 7961970.08 1481.1 1347.37 1.4211
2459769.903567 10263806.8 7965993.08 1481.19 1347.48 1.4212
2459769.903708 10266831.3 7967483.2 1481.13 1347.41 1.4212
2459769.903849 10270488.03 7971283.83 1480.5 1347.31 1.4213
2459769.903991 10272361.78 7970991.69 1480.15 1346.97 1.4213
2459769.904132 10265584.06 7967847.22 1479.77 1347.13 1.4213
2459769.904273 10259792.46 7964775.1 1479.94 1347.08 1.4214
2459769.904415 10256624.82 7961026.89 1480.19 1347.17 1.4214
2459769.904556 10249587.38 7959929.58 1480.33 1347.3 1.4215
2459769.904697 10243984.35 7953996.48 1480.48 1347.23 1.4215
2459769.904839 10258956.08 7967756.64 1480.49 1346.84 1.4216
2459769.90498 10252066.03 7964692.76 1480.34 1346.86 1.4216
2459769.905121 10241634.34 7957541.0 1480.2 1347.02 1.4217
2459769.905263 10241956.0 7956642.21 1480.39 1346.96 1.4217
2459769.905404 10249829.55 7961230.24 1480.85 1347.45 1.4218
2459769.905545 10254169.11 7962864.06 1481.23 1347.57 1.4219
2459769.905687 10246438.91 7960525.84 1480.72 1347.5 1.4219
2459769.905828 10244019.67 7957751.79 1480.47 1347.71 1.422
2459769.905969 10241995.01 7960474.61 1480.36 1347.83 1.422
2459769.906111 10241870.11 7956674.3 1480.56 1347.91 1.4221
2459769.906252 10246215.66 7958600.72 1480.55 1347.75 1.4222
2459769.906393 10249533.67 7960771.97 1480.46 1348.02 1.4222
2459769.906535 10244736.77 7964513.11 1480.27 1348.18 1.4223
2459769.906676 10230417.59 7960119.83 1480.27 1348.29 1.4224
2459769.906817 10239628.68 7955871.31 1480.37 1348.1 1.4224
2459769.906959 10245016.57 7957680.55 1480.53 1347.69 1.4225
2459769.9071 10245920.41 7962015.69 1480.69 1347.46 1.4226
2459769.907241 10236492.74 7958978.7 1481.0 1347.41 1.4226
2459769.907383 10240021.29 7959685.01 1480.62 1347.68 1.4227
2459769.907524 10237338.9 7957634.26 1480.32 1347.82 1.4228
2459769.907666 10243935.11 7960112.94 1479.98 1347.81 1.4229
2459769.907807 10228656.93 7955832.77 1480.14 1348.01 1.4229
2459769.907948 10235241.52 7955044.9 1480.09 1347.97 1.423
2459769.90809 10243591.09 7958618.93 1479.91 1348.12 1.4231
2459769.908231 10233299.66 7958545.85 1479.9 1348.04 1.4232
2459769.908372 10227070.59 7955045.79 1480.19 1348.06 1.4233
2459769.908514 10224361.21 7954546.78 1480.26 1348.15 1.4233
2459769.908655 10221259.29 7956275.46 1479.96 1348.34 1.4234
2459769.908796 10228373.33 7956256.3 1480.08 1348.47 1.4235
2459769.908938 10230921.58 7961730.03 1479.9 1348.48 1.4236
2459769.909079 10229476.06 7960338.85 1479.83 1348.31 1.4237
2459769.90922 10236397.5 7960681.63 1479.64 1347.97 1.4238
2459769.909362 10232576.43 7957874.58 1479.49 1347.77 1.4239
2459769.909503 10233026.75 7956687.39 1479.21 1347.93 1.424
2459769.909644 10230126.24 7956231.37 1479.02 1347.89 1.4241
2459769.909786 10232760.32 7956060.88 1478.73 1347.93 1.4242
2459769.909927 10224788.82 7955937.09 1478.83 1347.97 1.4243
2459769.910068 10225100.27 7957528.07 1478.97 1348.03 1.4244
2459769.91021 10213799.3 7956208.65 1479.11 1348.1 1.4245
2459769.910351 10221113.18 7956470.86 1479.16 1348.1 1.4246
2459769.910492 10213793.43 7956889.53 1479.27 1348.14 1.4247
2459769.910634 10214687.49 7957921.37 1479.31 1348.37 1.4248
2459769.910775 10208209.89 7953898.81 1479.34 1348.58 1.4249
2459769.910916 10209342.85 7954867.25 1479.48 1348.6 1.425
2459769.911058 10204128.32 7952767.44 1479.89 1348.65 1.4251
2459769.911199 10205691.05 7951613.81 1480.29 1348.71 1.4252
2459769.91134 10204078.93 7951662.77 1480.37 1348.84 1.4253
2459769.911482 10196929.37 7950664.83 1480.14 1348.73 1.4254
2459769.911623 10196717.23 7952771.11 1480.06 1348.76 1.4255
2459769.911764 10195459.38 7953470.7 1479.74 1348.78 1.4257
2459769.911906 10197941.52 7951463.45 1479.9 1348.57 1.4258
2459769.912047 10193414.35 7951064.95 1480.24 1348.56 1.4259
2459769.912188 10200865.58 7951208.65 1480.32 1348.56 1.426
2459769.91233 10198577.9 7951095.23 1480.4 1348.45 1.4261
2459769.912471 10190021.48 7951690.56 1480.45 1348.45 1.4263
2459769.912612 10196524.92 7948445.31 1480.68 1348.3 1.4264
2459769.912754 10197261.16 7953187.23 1480.5 1348.27 1.4265
2459769.912895 10189734.35 7948434.28 1480.48 1348.35 1.4266
2459769.913036 10187661.39 7947921.3 1480.46 1348.55 1.4268
2459769.913178 10193771.36 7949910.7 1480.65 1348.76 1.4269
2459769.913319 10188869.27 7952381.17 1480.72 1349.11 1.427
2459769.91346 10191520.21 7949921.82 1480.98 1349.24 1.4272
2459769.913602 10189642.8 7950686.04 1480.97 1349.37 1.4273
2459769.913743 10192201.54 7948775.31 1480.92 1349.53 1.4274
2459769.913884 10197017.04 7950035.95 1480.63 1349.52 1.4276
2459769.914026 10196644.28 7950463.31 1480.47 1349.51 1.4277
2459769.914167 10202470.77 7957522.74 1480.01 1349.54 1.4278
2459769.914308 10185179.0 7949597.75 1479.84 1349.7 1.428
2459769.91445 10190885.66 7953640.26 1479.81 1349.77 1.4281
2459769.914591 10185450.63 7951366.47 1479.8 1349.76 1.4283
2459769.914732 10194864.13 7951278.65 1479.93 1349.74 1.4284
2459769.914874 10190508.83 7955312.81 1479.96 1349.74 1.4286
2459769.915015 10191784.51 7951626.8 1479.97 1349.74 1.4287
2459769.915156 10193269.0 7947233.71 1479.95 1349.58 1.4288
2459769.915298 10186799.64 7946201.58 1480.11 1349.42 1.429
2459769.915439 10182585.97 7948345.36 1479.82 1349.35 1.4291
2459769.91558 10179551.57 7947744.68 1479.73 1349.09 1.4293
2459769.915722 10181964.25 7945128.72 1479.69 1348.76 1.4295
2459769.915863 10193593.33 7949081.45 1479.77 1348.56 1.4296
2459769.916004 10193856.53 7950729.33 1479.65 1348.53 1.4298
2459769.916146 10191385.61 7952302.24 1479.45 1348.39 1.4299
2459769.916287 10184243.74 7950177.18 1479.05 1348.51 1.4301
2459769.916423 10179657.94 7950530.02 1478.72 1348.69 1.4302
