2459769.865828 4238566.58 2306370.31 1238.86 885.73 1.4572
2459769.865972 4235058.45 2305932.29 1238.64 885.69 1.4569
2459769.866113 4234478.69 2305613.42 1239.33 885.48 1.4566
2459769.866252 4230655.61 2306486.17 1239.75 885.15 1.4563
2459769.866394 4225953.55 2306633.46 1240.64 884.93 1.4559
2459769.866535 4238117.22 2308465.83 1240.69 884.99 1.4556
2459769.866676 4239822.61 2308565.92 1240.53 885.55 1.4553
2459769.866817 4244967.9 2306788.64 1240.23 885.73 1.455
2459769.866962 4251562.25 2308461.28 1239.8 886.06 1.4546
2459769.867104 4260877.69 2307831.08 1239.96 885.96 1.4543
2459769.867241 4257571.22 2307305.6 1240.08 886.55 1.454
2459769.867383 4250370.95 2307247.68 1239.66 886.77 1.4537
2459769.867524 4246387.64 2305469.36 1239.38 886.47 1.4534
2459769.867666 4238986.09 2302588.63 1239.36 886.14 1.4531
2459769.867808 4251119.4 2306860.93 1239.82 886.12 1.4528
2459769.867948 4248820.96 2309021.12 1240.22 885.95 1.4525
2459769.868091 4258162.42 2308421.68 1239.37 886.28 1.4521
2459769.868233 4260580.37 2307021.74 1239.2 886.01 1.4518
2459769.868372 4258438.53 2308682.96 1238.92 885.7 1.4515
2459769.868514 4255821.63 2308079.62 1238.97 885.91 1.4512
2459769.868656 4263608.09 2308572.37 1238.89 886.1 1.4509
2459769.868796 4261060.74 2307248.91 1238.74 885.83 1.4506
2459769.868939 4256648.31 2306233.25 1238.62 885.76 1.4503
2459769.86908 4256722.79 2307079.73 1238.62 885.69 1.45
2459769.86922 4253462.76 2305942.9 1238.58 885.5 1.4498
2459769.869364 4262114.91 2305771.53 1238.68 885.5 1.4494
2459769.869506 4262356.31 2307668.61 1238.97 885.27 1.4491
2459769.869646 4262171.48 2308125.49 1239.23 885.33 1.4489
2459769.869785 4262985.59 2305522.94 1239.14 885.41 1.4486
2459769.86993 4260431.4 2305811.18 1238.74 885.41 1.4483
2459769.87007 4260377.13 2306760.2 1238.23 885.39 1.448
2459769.87021 4259344.37 2304494.74 1238.05 885.42 1.4477
2459769.870352 4260834.7 2305824.36 1237.38 885.33 1.4474
2459769.870498 4258488.76 2305611.8 1237.33 885.28 1.4471
2459769.87064 4266784.26 2304409.46 1237.44 885.14 1.4469
2459769.870779 4260416.82 2304325.77 1237.85 884.92 1.4466
2459769.870918 4266325.48 2303757.64 1238.56 885.4 1.4463
2459769.871057 4261638.06 2305510.3 1238.74 885.25 1.446
2459769.871199 4258164.61 2304515.22 1238.61 885.1 1.4458
2459769.871342 4264657.55 2305911.16 1238.69 884.92 1.4455
2459769.871484 4264371.64 2305289.83 1238.51 885.19 1.4452
2459769.871623 4263931.72 2305756.05 1238.27 884.88 1.445
2459769.871767 4260818.73 2305024.18 1238.22 885.18 1.4447
2459769.871906 4250235.88 2305155.02 1237.91 884.39 1.4444
2459769.872047 4258201.95 2305073.97 1238.17 884.55 1.4442
2459769.872188 4264133.33 2305584.17 1237.72 884.65 1.4439
2459769.87233 4271487.41 2305747.07 1237.66 885.07 1.4436
2459769.872471 4264234.3 2304925.75 1237.6 884.8 1.4434
2459769.872616 4261874.43 2304647.51 1237.45 885.09 1.4431
2459769.87276 4270051.85 2304542.41 1237.57 884.86 1.4428
2459769.872899 4266579.89 2305091.26 1237.34 884.9 1.4426
2459769.873038 4269554.14 2303223.51 1237.62 885.07 1.4423
2459769.873178 4277185.37 2307136.07 1237.63 884.96 1.4421
2459769.873319 4273352.18 2305208.38 1237.46 885.26 1.4418
2459769.87346 4279029.62 2304144.36 1237.22 885.14 1.4416
2459769.873602 4271545.52 2304165.39 1237.33 885.2 1.4413
2459769.873745 4272905.3 2305007.05 1237.68 885.43 1.4411
2459769.873886 4279218.78 2306938.16 1237.53 885.72 1.4408
2459769.874026 4281643.33 2307287.95 1237.31 886.06 1.4406
2459769.874167 4282909.21 2307956.97 1236.74 885.8 1.4403
2459769.87431 4278395.41 2307975.93 1236.65 886.17 1.4401
2459769.874452 4276576.07 2307280.02 1236.33 885.69 1.4398
2459769.874591 4279836.63 2305975.41 1236.39 885.58 1.4396
2459769.874734 4275346.8 2307317.13 1236.58 885.26 1.4394
2459769.874876 4275547.3 2306831.8 1236.88 884.97 1.4391
2459769.875016 4276892.92 2306016.81 1236.96 885.5 1.4389
2459769.875158 4277714.83 2305814.72 1237.27 885.54 1.4387
2459769.8753 4276136.02 2305223.55 1236.79 885.14 1.4384
2459769.875439 4276374.2 2305737.45 1236.44 884.76 1.4382
2459769.87558 4280711.37 2306495.63 1235.93 885.16 1.438
2459769.875722 4277723.49 2306843.51 1236.43 884.93 1.4378
2459769.875863 4281225.46 2307461.37 1236.47 885.11 1.4375
2459769.876004 4281580.42 2307127.6 1236.59 884.92 1.4373
2459769.876146 4281955.25 2306750.05 1236.79 885.37 1.4371
2459769.876293 4279611.56 2306858.38 1236.84 885.21 1.4368
2459769.876442 4279973.59 2307618.22 1236.46 885.05 1.4366
2459769.876578 4274909.32 2307873.17 1236.38 885.35 1.4364
2459769.876712 4281557.84 2306447.37 1236.26 885.56 1.4362
2459769.876852 4286098.79 2306918.45 1236.21 885.49 1.436
2459769.876994 4286213.41 2306792.45 1236.18 884.74 1.4358
2459769.877135 4289189.51 2306549.68 1235.78 884.52 1.4355
2459769.877276 4285900.66 2306356.19 1235.73 884.69 1.4353
2459769.87742 4293209.18 2310152.13 1235.83 884.97 1.4351
2459769.877562 4290806.36 2311119.4 1236.04 885.34 1.4349
2459769.8777 4291501.71 2311407.01 1235.97 885.29 1.4347
2459769.877842 4297796.43 2308951.11 1236.0 885.15 1.4345
2459769.877983 4290669.97 2308178.3 1235.52 885.3 1.4343
2459769.878124 4292654.69 2307932.1 1235.47 885.35 1.4341
2459769.878267 4290940.12 2306190.66 1235.51 885.16 1.4339
2459769.878408 4295432.28 2305357.56 1235.56 884.86 1.4337
2459769.878548 4292695.45 2306361.1 1235.62 884.9 1.4335
2459769.87869 4291719.92 2307190.21 1235.42 884.93 1.4333
2459769.878831 4287342.04 2307371.04 1235.45 884.8 1.4331
2459769.878978 4285691.87 2307415.54 1235.5 884.6 1.4329
2459769.879121 4288919.29 2306779.23 1235.6 884.36 1.4327
2459769.879258 4292388.76 2308214.7 1235.41 884.35 1.4325
2459769.879398 4288792.06 2308628.38 1235.43 884.16 1.4323
2459769.879538 4288476.71 2307479.12 1235.29 883.98 1.4321
2459769.879679 4293655.01 2306595.35 1235.89 884.34 1.4319
2459769.87982 4293772.93 2306597.97 1236.29 884.06 1.4317
2459769.879962 4287467.53 2305060.88 1236.14 883.92 1.4315
2459769.880103 4287447.77 2305297.04 1235.95 884.28 1.4314
2459769.880244 4289460.15 2306984.85 1236.01 883.9 1.4312
2459769.880386 4286235.63 2305246.87 1235.23 883.72 1.431
2459769.880527 4288946.7 2305095.26 1234.71 884.03 1.4308
2459769.880668 4288190.9 2305196.83 1234.93 883.93 1.4306
2459769.88081 4298758.39 2305736.54 1234.73 884.56 1.4305
2459769.880951 4294177.57 2306503.96 1235.0 884.86 1.4303
2459769.881092 4293024.03 2305476.9 1234.71 885.24 1.4301
2459769.881234 4294564.94 2305156.58 1234.59 885.3 1.4299
2459769.881375 4291585.35 2305246.37 1234.79 885.24 1.4297
2459769.881517 4298271.73 2305161.01 1235.19 885.1 1.4296
2459769.88166 4295281.3 2305571.16 1234.91 885.33 1.4294
2459769.881803 4295922.52 2305414.31 1235.09 885.38 1.4292
2459769.881943 4294595.26 2305679.63 1234.61 885.41 1.4291
2459769.882082 4291843.01 2304842.04 1234.76 885.56 1.4289
2459769.882223 4290690.31 2306642.11 1234.83 885.66 1.4287
2459769.882365 4292680.86 2305288.52 1235.0 885.93 1.4286
2459769.882506 4293966.25 2305396.89 1234.42 886.3 1.4284
2459769.88265 4297306.59 2305642.3 1234.33 886.23 1.4283
2459769.882792 4289748.72 2304378.6 1233.98 886.04 1.4281
2459769.88293 4292702.1 2305075.87 1234.6 885.54 1.4279
2459769.883072 4288209.6 2306054.22 1234.66 885.51 1.4278
2459769.883214 4293436.09 2305296.47 1234.81 885.26 1.4276
2459769.883358 4288514.64 2307409.05 1234.99 885.19 1.4275
2459769.8835 4296414.67 2306471.55 1235.3 885.32 1.4273
2459769.883637 4293107.26 2306488.41 1234.91 885.33 1.4272
2459769.883778 4294057.91 2307536.4 1234.75 885.0 1.427
2459769.883919 4300377.41 2305970.19 1234.61 884.34 1.4269
2459769.884061 4291544.26 2304906.62 1234.79 883.98 1.4267
2459769.884202 4298321.72 2307030.96 1234.95 884.69 1.4266
2459769.884343 4301305.45 2305851.18 1234.96 884.68 1.4264
2459769.884486 4295739.41 2305567.92 1234.71 884.33 1.4263
2459769.884627 4294843.37 2305128.53 1234.34 884.05 1.4262
2459769.884767 4291590.52 2305809.39 1234.35 883.93 1.426
2459769.884909 4293101.63 2305786.97 1234.33 884.59 1.4259
2459769.88505 4291185.16 2306313.03 1234.34 884.41 1.4257
2459769.885191 4299041.86 2307051.24 1234.22 884.55 1.4256
2459769.885333 4297689.57 2306848.68 1234.16 884.58 1.4255
2459769.885474 4297935.82 2307233.44 1233.95 884.87 1.4253
2459769.885616 4295746.72 2307528.78 1233.96 885.09 1.4252
2459769.885758 4294189.92 2308305.86 1233.89 884.91 1.4251
2459769.885898 4296419.11 2308994.17 1233.79 885.17 1.4249
2459769.886039 4287385.01 2307963.97 1233.81 884.91 1.4248
2459769.886181 4286157.01 2306857.47 1234.05 884.95 1.4247
2459769.886322 4283131.51 2306005.68 1233.98 884.72 1.4246
2459769.886463 4287473.22 2307885.44 1234.42 884.78 1.4244
2459769.886605 4288302.39 2307054.87 1234.38 884.82 1.4243
2459769.886746 4289315.91 2306043.77 1234.16 885.04 1.4242
2459769.886887 4289043.23 2305302.83 1233.97 884.81 1.4241
2459769.887029 4288673.21 2307147.25 1234.18 884.65 1.424
2459769.88717 4290201.0 2307357.66 1233.79 884.78 1.4238
2459769.887312 4210039.82 2305828.26 1233.84 884.63 1.4237
2459769.887453 3852850.0 2305523.47 1233.96 884.38 1.4236
2459769.887594 3649716.31 2305110.63 1234.92 883.99 1.4235
2459769.887735 3533576.11 2303480.67 1236.52 883.82 1.4234
2459769.887877 3447447.19 2303149.5 1237.28 883.66 1.4233
2459769.888018 3431287.97 2305162.07 1238.24 883.81 1.4232
2459769.88816 3423051.81 2304547.02 1238.46 883.86 1.4231
2459769.888301 3405356.07 2306021.94 1238.9 884.04 1.423
2459769.888444 3401018.48 2307329.49 1239.37 883.45 1.4229
2459769.88859 3399938.96 2305088.09 1239.49 883.27 1.4227
2459769.888732 3398654.66 2305663.01 1239.81 883.41 1.4226
2459769.888871 3394582.24 2305186.25 1240.67 883.58 1.4225
2459769.88901 3403409.45 2304512.11 1241.5 883.97 1.4224
2459769.889151 3405663.78 2305924.47 1241.77 884.03 1.4223
2459769.88929 3408902.97 2305301.38 1241.65 884.05 1.4223
2459769.889433 3407993.74 2304349.98 1241.28 884.12 1.4222
2459769.889576 3406705.22 2304035.22 1240.68 884.25 1.4221
2459769.889717 3409609.57 2305192.44 1240.48 884.34 1.422
2459769.889862 3415360.57 2303947.18 1240.18 884.16 1.4219
2459769.890002 3404294.19 2305062.53 1240.11 884.07 1.4218
2459769.890138 3408815.13 2304440.06 1239.88 884.19 1.4217
2459769.890282 3424276.32 2304652.97 1240.1 884.18 1.4216
2459769.890424 3429693.79 2303982.31 1240.15 884.09 1.4215
2459769.890565 3443320.68 2304837.5 1239.82 884.06 1.4214
2459769.890706 3515843.39 2305527.65 1239.77 883.89 1.4214
2459769.890847 3634331.39 2306756.4 1239.55 883.82 1.4213
2459769.89099 3794540.57 2307914.37 1239.41 884.03 1.4212
2459769.89113 4164296.59 2308178.18 1240.3 883.53 1.4211
2459769.891269 4290646.17 2308047.02 1239.32 884.11 1.421
2459769.89141 4298038.86 2309176.15 1237.24 883.9 1.421
2459769.891552 4295100.07 2309796.52 1235.59 884.03 1.4209
2459769.891693 4296031.92 2310382.2 1234.55 883.87 1.4208
2459769.891834 4301891.05 2310851.71 1233.72 884.42 1.4207
2459769.891976 4301894.66 2312030.47 1233.42 884.81 1.4207
2459769.89212 4295407.79 2311193.5 1233.12 884.93 1.4206
2459769.892262 4300720.24 2309956.58 1232.83 885.23 1.4205
2459769.8924 4301797.29 2310450.29 1233.14 884.76 1.4205
2459769.892542 4299434.35 2309546.35 1232.86 884.68 1.4204
2459769.892684 4301124.29 2309510.92 1232.76 884.94 1.4203
2459769.892824 4301143.0 2307886.09 1232.82 884.92 1.4203
2459769.892965 4300316.28 2307993.02 1232.66 884.75 1.4202
2459769.893106 4308945.4 2308869.26 1232.49 885.0 1.4201
2459769.893249 4307643.23 2310383.29 1232.51 884.69 1.4201
2459769.893389 4307791.62 2309656.71 1232.66 884.74 1.42
2459769.89353 4309800.33 2309188.51 1232.88 884.81 1.42
2459769.893672 4306436.07 2309633.14 1233.1 884.82 1.4199
2459769.893818 4310048.6 2309617.53 1232.8 884.9 1.4199
2459769.893958 4312417.62 2309890.89 1233.23 884.78 1.4198
2459769.894096 4307034.72 2308086.55 1233.37 884.56 1.4198
2459769.894237 4305153.34 2310757.63 1233.0 884.4 1.4197
2459769.894379 4307477.05 2310324.82 1232.46 884.3 1.4197
2459769.89452 4306712.96 2310644.53 1232.7 884.41 1.4196
2459769.894661 4305897.86 2308880.23 1232.74 884.4 1.4196
2459769.894802 4311935.17 2308579.54 1233.1 884.27 1.4195
2459769.894944 4308030.58 2309775.01 1233.16 884.2 1.4195
2459769.895085 4310675.55 2309708.3 1232.79 883.85 1.4194
2459769.895226 4308620.15 2310158.86 1233.04 884.01 1.4194
2459769.895368 4308912.92 2309884.56 1233.18 883.66 1.4194
2459769.895509 4303967.59 2308869.37 1232.74 883.53 1.4193
2459769.895653 4303693.96 2309347.17 1232.93 883.68 1.4193
2459769.895794 4311942.34 2310702.69 1233.05 883.66 1.4192
2459769.895933 4306822.38 2310077.72 1232.82 883.57 1.4192
2459769.896074 4304696.25 2308072.41 1233.06 883.7 1.4192
2459769.896216 4304238.56 2309816.1 1232.91 884.08 1.4191
2459769.896357 4302004.42 2309399.41 1233.3 884.1 1.4191
2459769.896498 4305904.61 2308935.82 1232.99 884.06 1.4191
2459769.89664 4304261.04 2307377.46 1233.4 884.09 1.4191
2459769.896781 4302862.28 2307369.15 1233.2 884.12 1.419
2459769.896922 4302770.37 2305400.03 1233.06 884.17 1.419
2459769.897064 4306907.35 2305204.9 1232.79 884.14 1.419
2459769.897205 4301993.92 2306158.17 1232.89 883.96 1.419
2459769.897347 4306186.82 2308908.8 1232.78 884.53 1.4189
2459769.897488 4301571.13 2306956.57 1232.72 884.26 1.4189
2459769.897632 4302363.36 2305879.27 1232.71 883.67 1.4189
2459769.897774 4305057.27 2306659.71 1232.76 883.95 1.4189
2459769.897912 4302150.25 2306449.16 1232.59 884.02 1.4189
2459769.898053 4303490.7 2306798.47 1232.64 883.67 1.4189
2459769.898198 4303322.55 2306131.38 1232.83 884.04 1.4188
2459769.89834 4306410.89 2306619.62 1233.03 884.02 1.4188
2459769.89848 4304158.98 2306231.84 1232.82 883.91 1.4188
2459769.898618 4306319.48 2306145.68 1232.9 884.21 1.4188
2459769.89876 4304830.0 2307061.21 1232.72 884.06 1.4188
2459769.898901 4310830.49 2304781.93 1232.81 883.95 1.4188
2459769.899043 4302490.08 2303470.47 1233.06 884.14 1.4188
2459769.899184 4298053.54 2305976.83 1232.49 883.92 1.4188
2459769.899325 4304396.56 2305815.95 1232.51 884.14 1.4188
2459769.899466 4301028.37 2304622.97 1232.64 884.09 1.4188
2459769.899608 4297862.73 2307489.05 1232.5 883.96 1.4188
2459769.899749 4300129.8 2306252.57 1232.21 884.27 1.4188
2459769.89989 4302809.43 2306649.87 1231.89 884.17 1.4188
2459769.900032 4296556.88 2307381.29 1232.61 884.14 1.4188
2459769.900173 4298069.96 2307049.46 1232.94 883.68 1.4188
2459769.900321 4299830.38 2307815.72 1233.33 883.69 1.4188
2459769.90047 4305652.24 2306980.34 1232.89 883.55 1.4188
2459769.900607 4301206.3 2307165.27 1233.1 883.63 1.4188
2459769.90074 4296975.86 2306879.37 1232.86 883.74 1.4188
2459769.90088 4297695.65 2307686.03 1232.84 883.7 1.4189
2459769.90103 4297078.63 2306763.05 1232.8 883.75 1.4189
2459769.901172 4293760.65 2307775.24 1232.47 883.87 1.4189
2459769.901304 4294221.61 2306889.9 1232.13 883.94 1.4189
2459769.901445 4297885.1 2305960.13 1232.2 884.34 1.4189
2459769.901587 4294763.49 2307117.48 1232.35 884.25 1.4189
2459769.901728 4297406.68 2305652.08 1232.48 884.22 1.419
2459769.901871 4291600.0 2307977.44 1232.68 884.02 1.419
2459769.902013 4298203.26 2307964.35 1233.22 883.97 1.419
2459769.902152 4299343.87 2307721.39 1232.79 884.52 1.419
2459769.902297 4302274.22 2306423.38 1232.75 884.52 1.4191
2459769.902442 4298478.64 2306399.76 1232.76 884.39 1.4191
2459769.90258 4298718.59 2305612.89 1232.72 883.95 1.4191
2459769.902718 4297514.9 2305989.16 1232.45 883.91 1.4191
2459769.902859 4297324.89 2305873.87 1232.39 884.11 1.4192
2459769.903 4297598.16 2304940.57 1232.41 883.77 1.4192
2459769.903144 4296418.72 2307626.42 1232.34 883.85 1.4192
2459769.903286 4297385.15 2307092.44 1232.2 883.93 1.4193
2459769.903425 4300026.22 2305285.9 1232.51 883.96 1.4193
2459769.903566 4294093.62 2304592.97 1232.83 883.95 1.4193
2459769.903707 4300170.36 2306959.1 1232.98 884.15 1.4194
2459769.90385 4299555.49 2308150.13 1232.44 883.96 1.4194
2459769.903992 4296267.45 2307427.37 1231.96 884.49 1.4195
2459769.904132 4295106.38 2307310.92 1231.93 884.24 1.4195
2459769.904272 4298833.89 2306689.49 1232.29 883.98 1.4195
2459769.904416 4293551.33 2306911.68 1232.27 883.99 1.4196
2459769.904557 4290371.9 2305367.93 1232.39 883.96 1.4196
2459769.904696 4291487.92 2306390.71 1232.54 884.17 1.4197
2459769.904837 4289196.72 2304273.97 1232.54 884.33 1.4197
2459769.904979 4288145.24 2305994.99 1232.32 884.24 1.4198
2459769.90512 4284801.09 2305782.4 1232.11 883.98 1.4198
2459769.905261 4283603.14 2305136.58 1232.3 884.17 1.4199
2459769.905404 4293661.05 2306398.17 1232.83 883.52 1.42
2459769.905544 4292121.38 2306295.19 1233.27 883.51 1.42
2459769.905686 4288463.67 2304885.23 1232.44 883.74 1.4201
2459769.90583 4289406.85 2306828.67 1232.11 883.62 1.4201
2459769.905973 4286213.65 2305714.79 1231.97 883.64 1.4202
2459769.906116 4289963.31 2307022.11 1232.66 883.7 1.4202
2459769.906258 4287742.17 2306835.06 1232.64 884.03 1.4203
2459769.906396 4293845.87 2308227.0 1232.53 883.4 1.4204
2459769.906535 4284303.21 2307998.57 1232.29 883.08 1.4204
2459769.906675 4282084.44 2306256.67 1232.28 882.8 1.4205
2459769.906816 4285350.01 2306316.85 1232.37 883.33 1.4206
2459769.906957 4285883.92 2306420.64 1232.57 883.69 1.4206
2459769.907104 4284017.28 2305341.31 1232.76 884.1 1.4207
2459769.907245 4283284.11 2305597.12 1233.16 883.85 1.4208
2459769.907381 4281004.63 2306409.79 1232.5 883.65 1.4209
2459769.907524 4280407.84 2305781.98 1232.14 883.61 1.4209
2459769.907664 4283853.58 2305873.77 1231.74 883.76 1.421
2459769.907806 4278923.36 2305209.69 1232.14 883.65 1.4211
2459769.907948 4279403.73 2303667.07 1232.1 883.58 1.4212
2459769.90809 4286390.06 2305885.58 1231.9 883.54 1.4212
2459769.908233 4280340.78 2307781.1 1232.11 883.52 1.4213
2459769.908374 4280046.02 2306060.68 1232.22 883.38 1.4214
2459769.908512 4274997.14 2305607.84 1232.33 883.15 1.4215
2459769.908654 4271218.38 2304265.21 1232.0 882.8 1.4216
2459769.908795 4278833.46 2304947.14 1231.92 882.96 1.4217
2459769.908936 4273548.92 2305435.78 1232.17 883.27 1.4218
2459769.909084 4275709.25 2306118.43 1231.83 883.38 1.4218
2459769.909232 4278173.13 2304807.34 1231.86 883.68 1.4219
2459769.90937 4276560.52 2305660.34 1231.83 884.06 1.422
2459769.909506 4281360.44 2307303.29 1231.74 883.58 1.4221
2459769.909644 4280090.97 2307683.43 1231.75 883.78 1.4222
2459769.909784 4278262.49 2306558.17 1231.64 883.88 1.4223
2459769.90993 4270064.32 2305320.06 1231.75 883.98 1.4224
2459769.910072 4271995.19 2306958.33 1231.89 884.02 1.4225
2459769.910208 4263243.15 2307256.71 1232.06 883.39 1.4226
2459769.91035 4269321.71 2307478.58 1231.91 883.27 1.4227
2459769.910491 4258868.54 2307679.14 1232.31 883.1 1.4228
2459769.910632 4264038.15 2307435.56 1232.16 882.71 1.4229
2459769.910774 4261601.6 2307859.96 1231.98 882.76 1.423
2459769.910915 4257865.6 2307701.79 1232.37 883.03 1.4231
2459769.911059 4253008.74 2307995.81 1232.69 882.84 1.4232
2459769.9112 4255915.39 2306159.81 1232.97 883.07 1.4233
2459769.911339 4253708.09 2306386.33 1233.14 882.8 1.4235
2459769.91148 4251043.67 2306524.83 1232.44 883.22 1.4236
2459769.911622 4250397.25 2305707.47 1232.43 883.05 1.4237
2459769.911763 4243588.48 2308036.49 1232.12 882.9 1.4238
2459769.911904 4248627.16 2306923.83 1232.09 883.44 1.4239
2459769.912046 4246783.62 2305863.92 1232.34 883.33 1.424
2459769.912187 4249702.6 2307224.22 1232.52 883.21 1.4241
2459769.912331 4250564.33 2306588.16 1232.71 883.22 1.4243
2459769.912472 4243313.49 2305803.85 1232.88 883.1 1.4244
2459769.912614 4243896.9 2307538.74 1233.25 883.15 1.4245
2459769.912755 4245537.44 2308752.61 1232.69 883.07 1.4246
2459769.912894 4249516.8 2308495.26 1232.77 882.85 1.4248
2459769.913038 4244869.3 2308325.34 1232.81 882.9 1.4249
2459769.91318 4238857.69 2305817.13 1233.11 882.94 1.425
2459769.913318 4240916.86 2306757.23 1232.8 882.8 1.4252
2459769.913459 4245443.81 2305517.74 1233.21 882.69 1.4253
2459769.9136 4245102.44 2305669.97 1232.83 882.59 1.4254
2459769.913746 4248526.05 2305529.24 1232.86 882.45 1.4255
2459769.913887 4248326.05 2305453.33 1232.6 882.53 1.4257
2459769.914024 4244862.56 2303454.56 1232.5 882.6 1.4258
2459769.914166 4244885.87 2306350.06 1232.04 882.62 1.426
2459769.914307 4238546.24 2305624.1 1231.93 882.47 1.4261
2459769.914453 4234193.35 2305529.45 1232.19 882.43 1.4262
2459769.914597 4232331.3 2304208.34 1232.03 882.48 1.4264
2459769.914734 4235997.49 2305854.93 1232.06 882.55 1.4265
2459769.914872 4238165.13 2304636.73 1231.96 882.6 1.4267
2459769.915014 4239956.42 2305020.73 1232.27 882.64 1.4268
2459769.915156 4240154.48 2305432.22 1232.11 882.88 1.427
2459769.915297 4236393.13 2305012.55 1232.16 883.1 1.4271
2459769.91544 4229085.69 2304471.28 1231.98 882.83 1.4273
2459769.91558 4226351.34 2304711.66 1232.12 883.13 1.4274
2459769.91572 4229539.24 2306339.12 1231.98 883.15 1.4276
2459769.915862 4234084.66 2305939.98 1232.43 883.26 1.4277
2459769.916003 4235783.89 2304951.75 1232.19 883.19 1.4279
2459769.916144 4230394.66 2306678.58 1231.85 883.24 1.428
2459769.916286 4225632.64 2306370.58 1231.7 882.98 1.4282
2459769.916427 4220930.36 2306096.76 1231.61 883.01 1.4283
2459769.916506 4225742.25 2311748.99 1231.67 882.71 1.4284
