2459769.865829 12407531.47 7892832.83 1339.26 1344.23 1.4593
2459769.865971 12412279.16 7892257.82 1337.66 1344.71 1.459
2459769.866112 12410269.14 7890410.97 1337.88 1345.39 1.4587
2459769.866253 12399386.97 7890637.5 1338.26 1345.89 1.4583
2459769.866395 12390455.14 7889418.95 1338.92 1346.23 1.458
2459769.866536 12409739.19 7890394.49 1339.12 1346.44 1.4577
2459769.866677 12417126.28 7887493.97 1338.79 1345.93 1.4573
2459769.866819 12419402.89 7887519.96 1338.58 1345.77 1.457
2459769.86696 12439212.57 7888892.86 1338.2 1345.4 1.4567
2459769.867101 12456742.26 7889525.68 1337.98 1345.04 1.4564
2459769.867243 12446366.88 7891978.41 1338.1 1344.33 1.4561
2459769.867384 12445607.75 7892498.35 1337.74 1343.88 1.4557
2459769.867525 12423044.2 7886777.62 1337.34 1344.49 1.4554
2459769.867667 12414406.1 7892184.85 1337.25 1344.79 1.4551
2459769.867808 12430781.72 7884316.67 1337.78 1344.67 1.4548
2459769.867949 12434703.01 7892178.52 1338.24 1344.74 1.4545
2459769.868091 12464300.1 7893831.12 1337.4 1344.73 1.4542
2459769.868232 12459966.35 7893393.23 1337.16 1344.96 1.4539
2459769.868373 12453582.16 7890568.03 1336.78 1345.23 1.4536
2459769.868515 12451583.96 7890918.13 1336.62 1345.03 1.4533
2459769.868656 12473916.11 7894571.1 1336.31 1344.86 1.453
2459769.868797 12459336.93 7895788.68 1335.89 1345.07 1.4527
2459769.868939 12453613.74 7890934.0 1335.88 1345.27 1.4524
2459769.86908 12447398.82 7889956.14 1336.02 1345.46 1.4521
2459769.869221 12445323.98 7891586.92 1335.78 1345.8 1.4518
2459769.869363 12455295.27 7889065.31 1336.06 1345.9 1.4515
2459769.869504 12455243.45 7889954.77 1336.24 1346.3 1.4512
2459769.869645 12462014.95 7893701.62 1336.4 1345.96 1.4509
2459769.869787 12465122.0 7887535.22 1336.71 1345.94 1.4506
2459769.869928 12452174.58 7888942.98 1336.61 1346.03 1.4503
2459769.870069 12457267.99 7894467.85 1335.79 1345.79 1.45
2459769.870211 12454426.35 7896403.13 1335.74 1345.84 1.4497
2459769.870352 12456972.34 7896600.25 1335.07 1346.05 1.4495
2459769.870493 12459270.03 7897211.4 1334.6 1345.85 1.4492
2459769.870635 12472209.0 7895535.25 1334.72 1346.13 1.4489
2459769.870776 12466335.41 7897111.02 1335.23 1346.16 1.4486
2459769.870918 12477923.59 7895126.09 1335.8 1345.82 1.4483
2459769.871059 12456481.48 7891830.88 1336.28 1346.1 1.448
2459769.8712 12467144.0 7895793.15 1335.99 1346.02 1.4478
2459769.871342 12472771.08 7898056.3 1336.33 1345.99 1.4475
2459769.871483 12476807.05 7893724.18 1336.01 1346.29 1.4472
2459769.871624 12477018.04 7901935.07 1335.6 1346.43 1.447
2459769.871766 12470038.41 7900339.49 1335.8 1346.34 1.4467
2459769.871907 12444903.74 7897324.57 1335.66 1347.12 1.4464
2459769.872048 12461913.84 7896459.85 1335.67 1346.84 1.4461
2459769.87219 12478708.23 7900265.12 1335.37 1347.02 1.4459
2459769.872331 12485833.58 7898470.71 1334.98 1346.41 1.4456
2459769.872472 12478829.4 7900658.79 1334.95 1346.48 1.4454
2459769.872614 12476961.98 7899889.68 1334.81 1346.39 1.4451
2459769.872755 12495382.12 7897606.6 1335.04 1346.41 1.4448
2459769.872896 12485309.2 7898195.76 1334.45 1346.66 1.4446
2459769.873038 12493582.33 7895598.26 1334.89 1346.73 1.4443
2459769.873179 12512104.7 7900259.01 1334.98 1346.59 1.4441
2459769.87332 12507234.24 7898797.74 1334.84 1346.49 1.4438
2459769.873462 12510338.39 7892310.66 1334.61 1346.36 1.4435
2459769.873603 12495375.55 7895848.85 1334.84 1345.97 1.4433
2459769.873744 12492666.24 7886958.63 1335.4 1345.7 1.443
2459769.873886 12506352.9 7888845.03 1334.93 1345.36 1.4428
2459769.874027 12510265.83 7887501.85 1334.73 1344.95 1.4426
2459769.874168 12516013.46 7892640.66 1334.07 1345.12 1.4423
2459769.87431 12506457.55 7891947.98 1333.44 1344.67 1.4421
2459769.874451 12500330.47 7893245.06 1332.88 1345.13 1.4418
2459769.874592 12503961.94 7893301.79 1333.21 1345.32 1.4416
2459769.874734 12506852.15 7898623.5 1333.36 1345.79 1.4413
2459769.874875 12498665.5 7892319.82 1333.66 1346.2 1.4411
2459769.875016 12497348.22 7888377.33 1333.68 1345.75 1.4409
2459769.875158 12506704.6 7895157.01 1334.0 1345.71 1.4406
2459769.875299 12501441.52 7899129.25 1333.51 1346.28 1.4404
2459769.87544 12507238.87 7896236.4 1332.97 1346.46 1.4402
2459769.875582 12514005.81 7892189.5 1332.59 1346.18 1.4399
2459769.875723 12506062.03 7890526.5 1332.95 1346.14 1.4397
2459769.875864 12517108.74 7893863.83 1333.32 1346.13 1.4395
2459769.876006 12529763.97 7896948.45 1333.42 1346.02 1.4392
2459769.876147 12523857.79 7893668.23 1333.63 1345.65 1.439
2459769.876288 12509744.57 7891877.77 1333.71 1345.8 1.4388
2459769.87643 12528657.21 7898137.33 1333.15 1346.1 1.4386
2459769.876571 12515039.73 7897056.57 1333.02 1345.31 1.4383
2459769.876712 12533320.5 7903054.48 1332.83 1345.0 1.4381
2459769.876854 12541384.19 7900586.28 1333.12 1345.07 1.4379
2459769.876995 12536823.09 7899685.98 1333.08 1346.07 1.4377
2459769.877136 12534725.23 7896613.41 1332.56 1346.59 1.4375
2459769.877278 12536451.64 7893655.29 1332.26 1346.59 1.4373
2459769.877419 12552278.8 7892948.26 1332.16 1346.42 1.437
2459769.87756 12544735.61 7894549.38 1332.21 1346.11 1.4368
2459769.877702 12545333.47 7891084.81 1332.51 1345.78 1.4366
2459769.877843 12563345.11 7896931.03 1332.34 1345.93 1.4364
2459769.877984 12553443.63 7896674.19 1332.1 1345.69 1.4362
2459769.878126 12563330.64 7899688.99 1331.83 1345.58 1.436
2459769.878267 12558213.66 7898683.28 1332.06 1345.8 1.4358
2459769.878408 12568711.9 7896165.29 1331.94 1346.16 1.4356
2459769.87855 12569377.18 7899178.38 1332.2 1346.29 1.4354
2459769.878691 12553835.48 7897746.07 1331.76 1346.44 1.4352
2459769.878832 12547232.48 7892006.22 1332.01 1346.8 1.435
2459769.878974 12543818.57 7891749.01 1331.92 1347.25 1.4348
2459769.879115 12552308.83 7892292.05 1332.27 1347.4 1.4346
2459769.879256 12555624.84 7893507.42 1331.86 1347.22 1.4344
2459769.879398 12547812.07 7893525.89 1332.12 1347.29 1.4342
2459769.879539 12538334.35 7890584.16 1331.79 1347.34 1.434
2459769.87968 12562113.85 7893246.47 1332.85 1347.25 1.4338
2459769.879822 12568520.72 7893842.2 1333.28 1347.42 1.4336
2459769.879963 12557919.09 7895441.07 1333.21 1347.41 1.4335
2459769.880104 12561555.73 7896774.03 1333.1 1347.32 1.4333
2459769.880246 12554569.44 7897904.54 1332.7 1347.62 1.4331
2459769.880387 12549634.39 7894847.29 1332.19 1348.28 1.4329
2459769.880528 12561228.55 7896385.22 1331.4 1347.91 1.4327
2459769.88067 12569240.75 7895298.38 1331.34 1347.84 1.4325
2459769.880811 12583410.74 7895228.08 1330.74 1347.37 1.4324
2459769.880953 12567274.91 7893163.02 1331.14 1346.73 1.4322
2459769.881094 12569641.27 7894984.72 1331.04 1346.34 1.432
2459769.881235 12583699.93 7900391.36 1330.55 1345.79 1.4318
2459769.881377 12572786.27 7899098.3 1330.87 1345.75 1.4317
2459769.881518 12580804.63 7894815.67 1331.47 1345.82 1.4315
2459769.881659 12582566.96 7897346.79 1331.4 1345.38 1.4313
2459769.881801 12575569.69 7896389.67 1331.34 1345.19 1.4311
2459769.881942 12577346.73 7894839.93 1331.02 1345.02 1.431
2459769.882083 12577789.24 7899563.24 1330.91 1344.69 1.4308
2459769.882225 12573338.23 7899560.31 1331.09 1344.78 1.4306
2459769.882366 12578396.4 7897540.56 1331.03 1344.62 1.4305
2459769.882507 12594471.5 7900687.28 1330.59 1344.34 1.4303
2459769.882649 12602121.28 7900405.32 1330.56 1344.05 1.4302
2459769.88279 12589804.68 7901582.4 1330.18 1343.93 1.43
2459769.882931 12581933.47 7898441.7 1330.5 1344.58 1.4298
2459769.883073 12559951.27 7896117.22 1330.72 1344.86 1.4297
2459769.883214 12580872.83 7893670.69 1331.06 1345.41 1.4295
2459769.883355 12572166.18 7897019.08 1331.05 1345.34 1.4294
2459769.883497 12587581.33 7896713.79 1331.23 1344.99 1.4292
2459769.883638 12595852.15 7904327.97 1331.09 1345.18 1.4291
2459769.883779 12590001.26 7898288.16 1330.66 1345.46 1.4289
2459769.883921 12606323.52 7898658.5 1330.64 1346.2 1.4288
2459769.884062 12585593.33 7894597.46 1331.05 1346.77 1.4286
2459769.884203 12596410.5 7893990.46 1331.07 1346.49 1.4285
2459769.884345 12604966.83 7892822.43 1330.89 1346.58 1.4283
2459769.884486 12591846.19 7890775.44 1330.75 1347.13 1.4282
2459769.884627 12591643.84 7897341.5 1330.44 1347.22 1.428
2459769.884769 12582321.97 7893316.43 1330.64 1347.07 1.4279
2459769.88491 12585502.4 7892881.22 1330.81 1346.47 1.4278
2459769.885051 12587324.67 7894723.0 1331.05 1346.78 1.4276
2459769.885193 12600595.49 7895042.3 1330.73 1346.64 1.4275
2459769.885334 12599132.81 7897935.44 1330.86 1346.65 1.4273
2459769.885475 12595330.62 7892622.42 1330.8 1346.3 1.4272
2459769.885617 12595995.55 7894112.35 1330.4 1346.05 1.4271
2459769.885758 12597504.06 7898648.96 1329.91 1345.73 1.427
2459769.885899 12605196.31 7901682.57 1329.75 1345.8 1.4268
2459769.886041 12584559.75 7901190.57 1329.75 1345.95 1.4267
2459769.886182 12572894.27 7897987.53 1330.07 1346.3 1.4266
2459769.886323 12573132.59 7900659.23 1330.23 1346.64 1.4264
2459769.886465 12578054.46 7900501.86 1330.46 1346.58 1.4263
2459769.886606 12582261.03 7902810.69 1330.67 1346.55 1.4262
2459769.886747 12587468.29 7898951.8 1330.65 1346.27 1.4261
2459769.886889 12573392.41 7888556.02 1330.68 1345.98 1.426
2459769.88703 12582453.22 7895221.73 1330.63 1346.58 1.4258
2459769.887171 12583105.65 7891747.75 1330.4 1346.42 1.4257
2459769.887313 12409776.24 7896532.31 1330.14 1346.61 1.4256
2459769.887454 11627850.3 7892986.19 1330.02 1346.81 1.4255
2459769.887595 11172265.69 7888311.69 1331.07 1347.08 1.4254
2459769.887737 10927483.82 7884963.92 1333.2 1347.18 1.4253
2459769.887878 10728291.32 7883945.32 1334.57 1347.21 1.4251
2459769.888019 10700283.77 7881899.6 1336.39 1346.81 1.425
2459769.888161 10691421.74 7887140.66 1337.12 1346.8 1.4249
2459769.888302 10637957.53 7883413.0 1337.89 1346.59 1.4248
2459769.888443 10628853.31 7882705.06 1338.7 1347.01 1.4247
2459769.888585 10634188.37 7886727.02 1339.23 1347.04 1.4246
2459769.888726 10629906.35 7887216.21 1339.76 1346.64 1.4245
2459769.888868 10616815.51 7883942.38 1341.01 1346.43 1.4244
2459769.889009 10632779.0 7877803.34 1342.13 1345.93 1.4243
2459769.88915 10634084.9 7874933.4 1342.67 1346.14 1.4242
2459769.889291 10645071.61 7881550.04 1342.69 1345.73 1.4241
2459769.889433 10658779.1 7887717.19 1342.37 1345.51 1.424
2459769.889574 10647126.23 7882892.42 1341.74 1345.21 1.4239
2459769.889716 10649885.2 7887220.54 1341.48 1344.97 1.4238
2459769.889857 10677433.02 7891380.04 1341.09 1345.34 1.4237
2459769.889998 10641836.43 7887139.07 1341.02 1345.33 1.4236
2459769.89014 10652732.21 7888547.3 1340.73 1345.04 1.4236
2459769.890281 10685132.57 7886299.21 1340.88 1344.93 1.4235
2459769.890422 10705022.75 7886059.27 1341.23 1345.2 1.4234
2459769.890564 10741237.51 7890125.86 1340.79 1345.16 1.4233
2459769.890705 10894053.73 7889178.66 1340.57 1345.33 1.4232
2459769.890846 11145915.08 7894077.0 1340.14 1345.9 1.4231
2459769.890988 11469519.26 7897479.69 1339.8 1346.18 1.4231
2459769.891129 12302858.85 7896847.04 1341.22 1346.73 1.423
2459769.89127 12587966.61 7900609.12 1339.99 1346.48 1.4229
2459769.891412 12607961.95 7901323.86 1337.41 1346.72 1.4228
2459769.891553 12605397.72 7901179.43 1334.9 1347.12 1.4227
2459769.891694 12597672.95 7903917.04 1333.09 1346.93 1.4227
2459769.891836 12613066.99 7906546.77 1331.32 1346.76 1.4226
2459769.891977 12609832.8 7902584.16 1330.38 1346.18 1.4225
2459769.892118 12580546.32 7899463.31 1329.83 1345.97 1.4225
2459769.89226 12598730.32 7898801.48 1329.68 1345.89 1.4224
2459769.892401 12596036.89 7902395.54 1329.71 1346.24 1.4223
2459769.892542 12592899.04 7899974.04 1329.58 1346.3 1.4222
2459769.892684 12607633.33 7904389.84 1329.06 1345.9 1.4222
2459769.892825 12606211.72 7902156.77 1328.78 1346.26 1.4221
2459769.892966 12594368.41 7900252.79 1328.58 1346.47 1.4221
2459769.893108 12608862.6 7897791.28 1328.36 1346.09 1.422
2459769.893249 12614432.49 7902174.18 1328.41 1345.86 1.4219
2459769.89339 12606603.7 7899678.71 1328.65 1346.12 1.4219
2459769.893532 12615872.51 7902343.94 1328.97 1345.99 1.4218
2459769.893673 12610139.3 7902133.95 1329.31 1346.32 1.4218
2459769.893814 12623796.92 7905762.21 1329.21 1346.19 1.4217
2459769.893956 12625481.31 7905719.55 1329.47 1346.31 1.4217
2459769.894097 12610749.09 7902825.73 1329.97 1346.57 1.4216
2459769.894238 12602907.15 7904268.91 1329.79 1346.75 1.4216
2459769.89438 12603737.76 7901065.07 1329.4 1346.86 1.4215
2459769.894521 12613267.79 7906863.07 1329.42 1346.67 1.4215
2459769.894662 12613569.2 7907258.89 1329.18 1346.66 1.4214
2459769.894804 12617260.53 7906472.29 1329.38 1346.8 1.4214
2459769.894945 12609308.28 7905287.45 1329.8 1346.85 1.4213
2459769.895086 12619544.2 7908449.06 1329.65 1347.31 1.4213
2459769.895228 12620247.48 7909417.57 1329.71 1347.31 1.4212
2459769.895369 12612487.38 7905309.86 1330.27 1347.38 1.4212
2459769.89551 12600675.08 7911211.33 1329.67 1347.77 1.4212
2459769.895652 12600035.14 7908719.75 1329.68 1347.78 1.4211
2459769.895793 12602587.66 7905900.79 1329.59 1348.02 1.4211
2459769.895934 12595120.44 7903916.61 1329.66 1347.98 1.4211
2459769.896076 12593509.42 7906185.1 1329.74 1348.01 1.421
2459769.896217 12596283.49 7906425.95 1329.94 1347.33 1.421
2459769.896358 12593298.13 7904719.15 1330.23 1346.88 1.421
2459769.8965 12594547.64 7905187.57 1329.84 1346.89 1.4209
2459769.896641 12585200.94 7901139.03 1330.15 1346.8 1.4209
2459769.896782 12585293.96 7900546.21 1329.92 1346.71 1.4209
2459769.896924 12592422.19 7906827.13 1330.14 1346.6 1.4209
2459769.897065 12596731.3 7899396.94 1329.84 1346.59 1.4208
2459769.897206 12589608.49 7903421.69 1329.76 1346.79 1.4208
2459769.897348 12595044.66 7903508.91 1329.41 1346.58 1.4208
2459769.897489 12586140.65 7904514.77 1329.15 1346.9 1.4208
2459769.89763 12582019.15 7904602.82 1328.97 1347.65 1.4207
2459769.897772 12591027.16 7904299.08 1329.23 1347.46 1.4207
2459769.897913 12583261.77 7903480.66 1328.83 1347.57 1.4207
2459769.898054 12581751.55 7906149.96 1329.1 1347.63 1.4207
2459769.898196 12587545.43 7906249.1 1329.19 1347.31 1.4207
2459769.898337 12585648.68 7901213.52 1329.29 1346.91 1.4207
2459769.898478 12577162.27 7899014.48 1329.48 1347.0 1.4207
2459769.89862 12583296.58 7898026.7 1329.46 1346.78 1.4207
2459769.898761 12575823.4 7894223.72 1329.08 1346.92 1.4206
2459769.898902 12595873.08 7903372.88 1329.06 1347.01 1.4206
2459769.899044 12571393.77 7898942.62 1329.26 1346.93 1.4206
2459769.899185 12563100.92 7899066.44 1328.99 1347.16 1.4206
2459769.899326 12572202.32 7894362.07 1329.28 1347.03 1.4206
2459769.899468 12566818.44 7896687.87 1329.34 1346.65 1.4206
2459769.899609 12555565.74 7897252.81 1329.05 1346.74 1.4206
2459769.89975 12556959.62 7896877.41 1328.56 1346.84 1.4206
2459769.899892 12565320.74 7898362.32 1328.41 1346.89 1.4206
2459769.900033 12545705.43 7895243.27 1329.04 1346.82 1.4206
2459769.900175 12556664.66 7896850.93 1329.4 1347.35 1.4206
2459769.900316 12558346.43 7901577.53 1329.9 1347.48 1.4207
2459769.900457 12578107.75 7903137.52 1329.87 1347.84 1.4207
2459769.900599 12561655.39 7892948.61 1330.05 1347.89 1.4207
2459769.90074 12559211.02 7897420.02 1329.93 1347.87 1.4207
2459769.900881 12557044.95 7899332.2 1329.86 1348.08 1.4207
2459769.901023 12551411.52 7900214.67 1329.77 1347.76 1.4207
2459769.901164 12543711.98 7895599.95 1329.25 1347.73 1.4207
2459769.901305 12540474.18 7894130.57 1328.78 1347.77 1.4207
2459769.901447 12553306.9 7894199.63 1329.22 1347.35 1.4208
2459769.901588 12551192.32 7898460.88 1329.39 1347.0 1.4208
2459769.901729 12544980.44 7897644.18 1329.53 1346.58 1.4208
2459769.901871 12543481.79 7901829.09 1329.78 1346.73 1.4208
2459769.902012 12552133.55 7897744.81 1330.5 1346.67 1.4208
2459769.902153 12552430.55 7898491.01 1330.18 1346.41 1.4209
2459769.902295 12561678.39 7899236.37 1329.75 1346.29 1.4209
2459769.902436 12546215.15 7897003.22 1329.77 1346.35 1.4209
2459769.902577 12548093.28 7899780.19 1329.72 1346.83 1.4209
2459769.902719 12547837.83 7900439.13 1329.38 1347.38 1.421
2459769.90286 12548070.35 7899621.09 1329.34 1347.23 1.421
2459769.903001 12544925.34 7894891.78 1329.41 1347.21 1.421
2459769.903143 12544043.12 7899243.78 1329.36 1347.22 1.4211
2459769.903284 12553389.66 7901756.9 1329.21 1347.23 1.4211
2459769.903425 12550029.41 7898960.65 1329.68 1347.3 1.4211
2459769.903567 12545345.65 7902873.35 1330.16 1347.42 1.4212
2459769.903708 12549874.95 7904289.89 1330.05 1347.25 1.4212
2459769.903849 12556673.75 7907190.13 1329.02 1347.02 1.4213
2459769.903991 12554691.54 7907568.27 1328.46 1346.4 1.4213
2459769.904132 12542869.87 7905532.67 1328.24 1346.6 1.4213
2459769.904273 12542965.66 7901183.8 1328.55 1346.8 1.4214
2459769.904415 12534885.45 7897204.54 1329.0 1347.24 1.4214
2459769.904556 12526711.86 7895467.58 1329.27 1347.37 1.4215
2459769.904697 12522442.84 7891892.99 1329.57 1347.17 1.4215
2459769.904839 12535848.76 7903468.62 1329.67 1346.44 1.4216
2459769.90498 12526705.81 7901752.36 1329.48 1346.4 1.4216
2459769.905121 12512499.15 7895412.62 1329.32 1346.58 1.4217
2459769.905263 12511943.84 7893462.15 1329.72 1346.74 1.4217
2459769.905404 12527691.63 7895871.11 1330.57 1347.45 1.4218
2459769.905545 12532270.52 7900838.51 1330.94 1347.55 1.4219
2459769.905687 12517330.03 7895738.49 1330.23 1347.33 1.4219
2459769.905828 12520927.9 7893415.67 1329.57 1347.58 1.422
2459769.905969 12511467.56 7896886.62 1329.52 1347.67 1.422
2459769.906111 12514321.85 7894190.96 1329.99 1347.68 1.4221
2459769.906252 12516329.52 7897139.82 1330.13 1347.29 1.4222
2459769.906393 12522283.24 7896509.53 1329.78 1347.61 1.4222
2459769.906535 12515246.46 7901771.5 1329.64 1348.11 1.4223
2459769.906676 12495701.57 7896148.99 1329.81 1348.17 1.4224
2459769.906817 12510642.49 7893899.46 1330.16 1347.73 1.4224
2459769.906959 12518474.6 7895775.71 1330.27 1347.27 1.4225
2459769.9071 12517387.67 7898225.4 1330.35 1346.75 1.4226
2459769.907241 12506233.36 7895073.95 1330.71 1346.89 1.4226
2459769.907383 12508204.96 7895641.62 1330.32 1347.55 1.4227
2459769.907524 12503011.39 7892939.74 1329.71 1347.64 1.4228
2459769.907666 12512863.32 7897061.33 1329.41 1347.47 1.4229
2459769.907807 12491283.27 7894382.46 1329.57 1347.65 1.4229
2459769.907948 12506954.13 7892874.09 1329.76 1347.78 1.423
2459769.90809 12514434.16 7894710.08 1329.75 1347.88 1.4231
2459769.908231 12502368.45 7895590.51 1329.68 1347.93 1.4232
2459769.908372 12490702.78 7891153.23 1330.09 1348.15 1.4233
2459769.908514 12485492.42 7890245.54 1330.13 1348.13 1.4233
2459769.908655 12482906.81 7893192.6 1329.58 1348.28 1.4234
2459769.908796 12493145.13 7893153.63 1329.77 1348.32 1.4235
2459769.908938 12494733.63 7898005.86 1329.81 1348.14 1.4236
2459769.909079 12491940.42 7897055.33 1329.68 1347.67 1.4237
2459769.90922 12498196.85 7895369.6 1329.38 1347.28 1.4238
2459769.909362 12495872.97 7893704.05 1329.14 1346.76 1.4239
2459769.909503 12499713.29 7892790.42 1328.71 1347.18 1.424
2459769.909644 12494735.1 7894148.11 1328.79 1346.92 1.4241
2459769.909786 12493849.03 7892862.5 1328.73 1347.13 1.4242
2459769.909927 12480784.98 7893835.18 1328.95 1346.99 1.4243
2459769.910068 12486199.57 7894123.35 1329.24 1347.23 1.4244
2459769.91021 12461506.76 7893539.06 1329.18 1347.47 1.4245
2459769.910351 12475197.23 7894014.71 1329.34 1347.61 1.4246
2459769.910492 12461822.7 7895096.48 1329.62 1347.81 1.4247
2459769.910634 12467375.01 7896280.36 1329.79 1348.31 1.4248
2459769.910775 12457340.14 7892248.9 1329.95 1348.43 1.4249
2459769.910916 12457240.28 7891678.06 1330.28 1348.24 1.425
2459769.911058 12449192.4 7892342.8 1330.71 1348.1 1.4251
2459769.911199 12455474.02 7890788.28 1331.14 1347.96 1.4252
2459769.91134 12449281.45 7889194.68 1331.05 1348.28 1.4253
2459769.911482 12439044.07 7887833.57 1330.47 1347.85 1.4254
2459769.911623 12435815.2 7889389.21 1330.51 1348.01 1.4255
2459769.911764 12426646.55 7891724.97 1330.14 1347.8 1.4257
2459769.911906 12435697.69 7888706.34 1330.24 1347.54 1.4258
2459769.912047 12427833.65 7888567.04 1330.65 1347.6 1.4259
2459769.912188 12442573.18 7889516.07 1330.98 1347.68 1.426
2459769.91233 12442122.9 7889084.46 1331.32 1347.59 1.4261
2459769.912471 12423585.35 7889692.06 1331.28 1347.66 1.4263
2459769.912612 12436163.79 7887943.32 1331.53 1347.48 1.4264
2459769.912754 12434127.35 7889858.03 1331.13 1347.51 1.4265
2459769.912895 12424409.09 7885537.21 1331.01 1347.7 1.4266
2459769.913036 12422096.87 7885161.79 1330.9 1348.1 1.4268
2459769.913178 12431242.01 7887207.79 1331.47 1348.18 1.4269
2459769.913319 12421058.81 7892009.5 1331.5 1348.5 1.427
2459769.91346 12425122.18 7888542.5 1331.87 1348.77 1.4272
2459769.913602 12425331.43 7888154.86 1331.8 1349.03 1.4273
2459769.913743 12428794.36 7887871.26 1331.64 1349.01 1.4274
2459769.913884 12435452.27 7887567.34 1331.12 1348.68 1.4276
2459769.914026 12432113.98 7889260.86 1330.84 1348.69 1.4277
2459769.914167 12434619.1 7894922.96 1330.45 1348.78 1.4278
2459769.914308 12410734.71 7888001.0 1330.54 1349.06 1.428
2459769.91445 12417682.59 7893083.58 1330.51 1348.87 1.4281
2459769.914591 12414410.82 7888830.34 1330.54 1348.88 1.4283
2459769.914732 12424424.83 7892143.57 1330.83 1348.85 1.4284
2459769.914874 12416260.05 7892579.96 1330.95 1348.86 1.4286
2459769.915015 12419427.18 7890104.62 1331.05 1348.86 1.4287
2459769.915156 12425253.27 7884418.18 1330.78 1348.59 1.4288
2459769.915298 12412478.56 7884484.35 1331.14 1348.34 1.429
2459769.915439 12398740.1 7887931.59 1330.79 1348.21 1.4291
2459769.91558 12395665.87 7887335.49 1330.77 1347.78 1.4293
2459769.915722 12405146.34 7883819.51 1330.87 1347.57 1.4295
2459769.915863 12416259.81 7887420.81 1331.15 1347.24 1.4296
2459769.916004 12415528.76 7889107.82 1330.77 1347.17 1.4298
2459769.916146 12411832.3 7889909.0 1330.61 1346.92 1.4299
2459769.916287 12393152.12 7887740.11 1330.22 1347.39 1.4301
2459769.916423 12387229.48 7889351.96 1329.9 1347.65 1.4302
