2459769.865828 5114329.56 2282954.35 1145.27 885.79 1.4572
2459769.865972 5109997.81 2282581.29 1144.68 885.87 1.4569
2459769.866113 5113312.81 2282081.08 1145.72 885.75 1.4566
2459769.866252 5109963.19 2283893.74 1146.45 885.49 1.4563
2459769.866394 5102203.38 2284042.31 1147.24 885.36 1.4559
2459769.866535 5113926.92 2285553.58 1147.05 885.07 1.4556
2459769.866676 5112367.01 2284845.68 1146.61 885.41 1.4553
2459769.866817 5121528.17 2283524.48 1146.5 885.77 1.455
2459769.866962 5131414.98 2285361.45 1146.23 886.31 1.4546
2459769.867104 5140773.27 2284536.24 1146.15 886.34 1.4543
2459769.867241 5134358.25 2283455.2 1146.07 886.69 1.454
2459769.867383 5127376.18 2283540.22 1145.84 887.1 1.4537
2459769.867524 5123575.26 2281806.25 1145.83 886.37 1.4534
2459769.867666 5117363.22 2279917.06 1146.11 886.12 1.4531
2459769.867808 5130950.4 2284122.15 1146.44 886.26 1.4528
2459769.867948 5123936.82 2285758.35 1146.71 886.22 1.4525
2459769.868091 5140619.53 2285458.43 1146.04 886.27 1.4521
2459769.868233 5140721.25 2283972.77 1145.64 886.11 1.4518
2459769.868372 5136863.04 2285846.49 1145.66 885.92 1.4515
2459769.868514 5133537.6 2285067.5 1145.54 886.35 1.4512
2459769.868656 5142102.05 2285733.11 1145.3 886.23 1.4509
2459769.868796 5140522.74 2283513.17 1144.95 886.09 1.4506
2459769.868939 5134871.99 2283116.78 1145.22 885.66 1.4503
2459769.86908 5135783.23 2283667.45 1145.06 885.76 1.45
2459769.86922 5132888.46 2283468.46 1144.87 885.72 1.4498
2459769.869364 5140801.15 2282519.45 1145.41 885.91 1.4494
2459769.869506 5141358.24 2284551.51 1145.63 885.83 1.4491
2459769.869646 5141797.91 2284842.39 1145.83 886.1 1.4489
2459769.869785 5142733.99 2282251.52 1146.17 885.86 1.4486
2459769.86993 5138031.52 2282929.22 1145.57 886.07 1.4483
2459769.87007 5139922.18 2283584.54 1144.89 885.73 1.448
2459769.87021 5137030.19 2281707.49 1145.12 885.97 1.4477
2459769.870352 5139343.47 2283093.48 1144.23 886.07 1.4474
2459769.870498 5137010.92 2282675.98 1144.11 885.69 1.4471
2459769.87064 5145431.48 2281825.15 1144.18 885.74 1.4469
2459769.870779 5138187.42 2281675.7 1144.62 885.7 1.4466
2459769.870918 5145606.47 2281111.99 1145.44 885.98 1.4463
2459769.871057 5139263.05 2282235.03 1145.61 886.02 1.446
2459769.871199 5137424.25 2281795.01 1145.43 885.54 1.4458
2459769.871342 5142667.08 2283509.11 1145.5 885.55 1.4455
2459769.871484 5144234.84 2282464.98 1145.28 885.58 1.4452
2459769.871623 5142076.82 2283341.26 1144.99 885.44 1.445
2459769.871767 5140797.23 2282862.87 1145.49 885.51 1.4447
2459769.871906 5125647.91 2282194.98 1145.11 884.79 1.4444
2459769.872047 5133210.4 2281460.71 1144.87 885.23 1.4442
2459769.872188 5140922.82 2283030.99 1144.92 885.06 1.4439
2459769.87233 5153615.39 2283312.11 1144.88 885.28 1.4436
2459769.872471 5140538.43 2282113.99 1144.84 885.21 1.4434
2459769.872616 5141259.88 2282178.57 1144.71 885.28 1.4431
2459769.87276 5151917.88 2281973.01 1144.9 885.26 1.4428
2459769.872899 5149034.51 2282206.48 1144.7 885.04 1.4426
2459769.873038 5151810.41 2280786.63 1145.11 884.98 1.4423
2459769.873178 5157343.07 2283948.62 1144.62 885.65 1.4421
2459769.873319 5156558.09 2282123.12 1144.5 885.74 1.4418
2459769.87346 5164060.08 2280828.45 1144.3 885.87 1.4416
2459769.873602 5153820.34 2281882.13 1144.52 886.22 1.4413
2459769.873745 5155210.42 2282184.26 1145.05 886.24 1.4411
2459769.873886 5159805.29 2283664.08 1144.43 886.33 1.4408
2459769.874026 5162955.0 2284096.69 1144.28 886.49 1.4406
2459769.874167 5165027.43 2284863.05 1143.71 886.45 1.4403
2459769.87431 5161516.99 2284685.14 1143.74 886.65 1.4401
2459769.874452 5156473.24 2284527.82 1143.49 886.36 1.4398
2459769.874591 5163391.35 2283220.28 1143.71 885.98 1.4396
2459769.874734 5156690.01 2284447.87 1144.09 885.89 1.4394
2459769.874876 5155476.41 2283808.9 1144.05 885.84 1.4391
2459769.875016 5156270.16 2283822.26 1143.77 886.25 1.4389
2459769.875158 5158375.59 2282763.43 1144.32 886.07 1.4387
2459769.8753 5155068.33 2282698.37 1143.92 885.35 1.4384
2459769.875439 5158368.71 2283164.77 1143.7 885.2 1.4382
2459769.87558 5161793.49 2283855.57 1143.29 885.46 1.438
2459769.875722 5159054.69 2284248.28 1143.54 885.49 1.4378
2459769.875863 5162944.03 2285262.26 1143.8 885.49 1.4375
2459769.876004 5163609.06 2284160.15 1144.16 885.58 1.4373
2459769.876146 5163738.28 2283905.67 1144.07 885.9 1.4371
2459769.876293 5159259.48 2283994.67 1143.8 886.04 1.4368
2459769.876442 5158671.25 2285102.08 1143.59 885.63 1.4366
2459769.876578 5151967.22 2285659.27 1143.74 886.32 1.4364
2459769.876712 5160937.04 2283987.59 1143.86 886.36 1.4362
2459769.876852 5170242.97 2284776.9 1144.06 886.07 1.436
2459769.876994 5168135.07 2284243.07 1143.73 884.96 1.4358
2459769.877135 5172338.32 2284551.79 1143.52 885.03 1.4355
2459769.877276 5166434.81 2283869.41 1143.2 885.03 1.4353
2459769.87742 5175388.06 2287302.89 1143.06 885.17 1.4351
2459769.877562 5171342.79 2288805.68 1143.06 885.43 1.4349
2459769.8777 5171504.7 2289039.81 1143.28 885.72 1.4347
2459769.877842 5179259.09 2286520.42 1143.08 885.9 1.4345
2459769.877983 5173623.4 2285328.62 1142.82 886.43 1.4343
2459769.878124 5175294.29 2285545.56 1143.1 886.3 1.4341
2459769.878267 5173190.12 2283481.89 1142.94 885.88 1.4339
2459769.878408 5177380.7 2282843.75 1143.35 885.88 1.4337
2459769.878548 5175519.54 2284048.13 1143.22 885.75 1.4335
2459769.87869 5173236.7 2284955.89 1142.79 885.61 1.4333
2459769.878831 5167684.72 2285310.16 1143.19 885.28 1.4331
2459769.878978 5165105.67 2284840.28 1143.07 884.87 1.4329
2459769.879121 5171418.56 2284306.62 1143.01 884.95 1.4327
2459769.879258 5173922.84 2285919.94 1142.61 885.32 1.4325
2459769.879398 5166808.04 2286025.38 1143.04 884.93 1.4323
2459769.879538 5168642.24 2285577.55 1142.72 885.1 1.4321
2459769.879679 5178081.58 2284352.08 1143.86 884.84 1.4319
2459769.87982 5177208.68 2284051.64 1144.21 884.9 1.4317
2459769.879962 5170092.05 2283171.37 1143.89 885.12 1.4315
2459769.880103 5164934.11 2283219.67 1144.1 884.86 1.4314
2459769.880244 5170016.19 2283711.92 1143.49 884.8 1.4312
2459769.880386 5163518.83 2282900.81 1143.0 884.44 1.431
2459769.880527 5169274.01 2282897.48 1142.28 884.67 1.4308
2459769.880668 5169279.93 2283084.19 1142.45 884.95 1.4306
2459769.88081 5181275.93 2282811.41 1142.13 885.58 1.4305
2459769.880951 5174808.05 2284670.44 1142.38 885.82 1.4303
2459769.881092 5172787.03 2283600.55 1142.53 886.15 1.4301
2459769.881234 5178081.73 2282949.43 1142.33 886.09 1.4299
2459769.881375 5173747.19 2282725.64 1142.52 885.89 1.4297
2459769.881517 5181802.87 2283113.81 1142.97 886.14 1.4296
2459769.88166 5178537.33 2283055.36 1143.16 886.3 1.4294
2459769.881803 5178564.91 2283695.29 1142.78 886.24 1.4292
2459769.881943 5178401.53 2283889.93 1142.74 886.16 1.4291
2459769.882082 5174156.32 2282986.36 1142.9 886.23 1.4289
2459769.882223 5170663.12 2284527.73 1142.98 886.24 1.4287
2459769.882365 5173206.4 2283085.42 1143.19 886.46 1.4286
2459769.882506 5176010.19 2282882.52 1142.5 886.8 1.4284
2459769.88265 5181775.69 2282558.12 1142.41 887.16 1.4283
2459769.882792 5171229.74 2282821.49 1142.01 886.83 1.4281
2459769.88293 5174115.08 2283472.34 1142.22 886.67 1.4279
2459769.883072 5166750.7 2283516.3 1142.34 886.55 1.4278
2459769.883214 5174925.86 2282939.39 1142.57 886.16 1.4276
2459769.883358 5168385.93 2285340.09 1142.83 885.98 1.4275
2459769.8835 5177048.94 2284860.65 1143.26 886.59 1.4273
2459769.883637 5172163.86 2284816.79 1142.85 886.51 1.4272
2459769.883778 5172556.55 2285497.99 1142.74 886.03 1.427
2459769.883919 5182240.59 2284249.92 1142.66 885.15 1.4269
2459769.884061 5173799.89 2282797.94 1142.96 884.64 1.4267
2459769.884202 5180687.81 2285096.18 1143.25 885.42 1.4266
2459769.884343 5184601.55 2284275.7 1142.81 885.33 1.4264
2459769.884486 5177305.06 2283248.75 1142.63 884.84 1.4263
2459769.884627 5175642.91 2283408.6 1142.3 884.98 1.4262
2459769.884767 5172380.17 2283852.86 1142.43 885.32 1.426
2459769.884909 5173833.34 2283967.74 1142.53 885.51 1.4259
2459769.88505 5171068.38 2284786.54 1142.69 885.23 1.4257
2459769.885191 5178806.22 2285968.51 1142.69 885.35 1.4256
2459769.885333 5177105.2 2285308.81 1142.77 885.33 1.4255
2459769.885474 5177874.63 2285960.46 1142.68 885.63 1.4253
2459769.885616 5175594.75 2285792.46 1142.3 885.84 1.4252
2459769.885758 5170657.84 2285978.53 1141.84 886.12 1.4251
2459769.885898 5176173.2 2286827.99 1141.9 885.84 1.4249
2459769.886039 5163413.2 2285964.96 1142.12 886.03 1.4248
2459769.886181 5164141.36 2285319.56 1142.05 885.5 1.4247
2459769.886322 5159754.67 2284781.64 1142.17 885.19 1.4246
2459769.886463 5163805.68 2285802.53 1142.36 885.23 1.4244
2459769.886605 5163318.94 2285367.8 1142.54 885.25 1.4243
2459769.886746 5165526.67 2284034.09 1142.52 885.49 1.4242
2459769.886887 5166173.87 2283889.95 1142.54 885.73 1.4241
2459769.887029 5164030.68 2285680.13 1142.48 885.51 1.424
2459769.88717 5166874.76 2285400.81 1142.26 885.64 1.4238
2459769.887312 5074859.79 2283663.21 1142.03 885.45 1.4237
2459769.887453 4646653.95 2283607.83 1141.96 885.15 1.4236
2459769.887594 4406570.85 2283140.28 1143.53 884.7 1.4235
2459769.887735 4267295.02 2281124.32 1145.52 884.54 1.4234
2459769.887877 4160506.97 2281565.96 1146.44 884.41 1.4233
2459769.888018 4144254.08 2283333.03 1147.65 884.7 1.4232
2459769.88816 4140459.32 2283141.12 1147.86 884.86 1.4231
2459769.888301 4112624.63 2284048.58 1148.38 885.2 1.423
2459769.888444 4104219.62 2284903.69 1148.49 884.48 1.4229
2459769.88859 4109209.99 2282748.61 1148.57 884.32 1.4227
2459769.888732 4099874.17 2283014.98 1148.92 884.6 1.4226
2459769.888871 4098429.13 2283408.37 1150.01 884.92 1.4225
2459769.88901 4109919.76 2282752.91 1150.6 885.54 1.4224
2459769.889151 4112531.02 2284200.53 1150.87 885.28 1.4223
2459769.88929 4116168.02 2283420.41 1150.61 885.39 1.4223
2459769.889433 4118448.16 2281664.48 1150.01 885.57 1.4222
2459769.889576 4114958.54 2281947.05 1149.1 885.83 1.4221
2459769.889717 4114958.51 2283086.39 1148.75 886.04 1.422
2459769.889862 4125215.08 2281926.26 1148.71 885.45 1.4219
2459769.890002 4114848.74 2283218.54 1148.99 885.42 1.4218
2459769.890138 4114985.24 2282785.63 1149.04 885.68 1.4217
2459769.890282 4132565.04 2282704.27 1148.83 885.76 1.4216
2459769.890424 4146070.64 2282162.78 1149.26 885.72 1.4215
2459769.890565 4167821.13 2283057.17 1148.72 885.76 1.4214
2459769.890706 4241561.03 2283337.62 1148.58 885.63 1.4214
2459769.890847 4382534.76 2284391.93 1148.21 885.16 1.4213
2459769.89099 4570832.6 2285848.72 1147.93 885.03 1.4212
2459769.89113 5023180.24 2286696.7 1149.44 884.48 1.4211
2459769.891269 5171388.97 2285947.65 1148.15 885.24 1.421
2459769.89141 5180140.67 2287164.64 1145.56 885.05 1.421
2459769.891552 5176295.55 2288143.63 1144.05 884.72 1.4209
2459769.891693 5178610.18 2288252.71 1142.72 885.14 1.4208
2459769.891834 5182043.41 2289406.08 1142.22 885.33 1.4207
2459769.891976 5185971.24 2290592.45 1141.79 885.87 1.4207
2459769.89212 5176089.28 2289813.42 1141.94 886.09 1.4206
2459769.892262 5182700.9 2289347.6 1142.12 885.98 1.4205
2459769.8924 5184423.18 2288934.54 1141.9 886.03 1.4205
2459769.892542 5181384.36 2287826.86 1142.1 885.47 1.4204
2459769.892684 5183209.35 2288058.26 1141.4 885.87 1.4203
2459769.892824 5183132.67 2286651.7 1141.47 885.93 1.4203
2459769.892965 5181998.47 2285600.55 1141.28 885.81 1.4202
2459769.893106 5192365.76 2286930.47 1141.08 886.21 1.4201
2459769.893249 5192933.33 2289392.89 1141.12 885.93 1.4201
2459769.893389 5191258.77 2287457.34 1141.32 886.09 1.42
2459769.89353 5196333.7 2288646.73 1141.6 885.73 1.42
2459769.893672 5191261.55 2288736.61 1141.9 885.84 1.4199
2459769.893818 5196811.73 2288314.94 1142.14 886.03 1.4199
2459769.893958 5199490.6 2288922.52 1142.14 885.45 1.4198
2459769.894096 5195825.85 2286520.45 1142.36 885.3 1.4198
2459769.894237 5189890.95 2289334.21 1141.97 885.22 1.4197
2459769.894379 5193778.73 2288304.97 1141.96 885.21 1.4197
2459769.89452 5192350.86 2289362.26 1142.32 885.46 1.4196
2459769.894661 5192836.42 2288055.72 1141.89 885.56 1.4196
2459769.894802 5198317.53 2287278.42 1142.42 885.53 1.4195
2459769.894944 5193770.8 2288559.73 1142.58 885.57 1.4195
2459769.895085 5198258.04 2287714.21 1142.24 885.27 1.4194
2459769.895226 5195898.27 2288820.45 1142.09 885.05 1.4194
2459769.895368 5197935.13 2288898.3 1142.38 884.76 1.4194
2459769.895509 5190022.04 2287512.48 1141.98 884.75 1.4193
2459769.895653 5188304.3 2288119.6 1142.35 885.07 1.4193
2459769.895794 5200061.6 2288785.14 1142.08 884.65 1.4192
2459769.895933 5192605.16 2288418.55 1141.95 884.69 1.4192
2459769.896074 5190058.61 2286279.92 1142.4 884.99 1.4192
2459769.896216 5189799.42 2287982.7 1142.39 885.6 1.4191
2459769.896357 5185350.62 2288183.5 1142.48 885.78 1.4191
2459769.896498 5191777.94 2287310.16 1142.29 885.89 1.4191
2459769.89664 5190864.81 2285920.93 1142.39 886.08 1.4191
2459769.896781 5187808.57 2285351.52 1142.35 885.73 1.419
2459769.896922 5187926.13 2284249.62 1142.39 885.95 1.419
2459769.897064 5195272.5 2284673.6 1142.28 886.08 1.419
2459769.897205 5191132.88 2285209.78 1142.05 885.48 1.419
2459769.897347 5194299.09 2286082.25 1141.59 885.79 1.4189
2459769.897488 5188621.12 2285182.06 1141.76 885.64 1.4189
2459769.897632 5187983.76 2283927.46 1141.99 885.1 1.4189
2459769.897774 5193674.8 2285427.54 1142.3 885.08 1.4189
2459769.897912 5190110.9 2285229.33 1141.79 884.8 1.4189
2459769.898053 5190972.21 2284892.88 1142.1 885.11 1.4189
2459769.898198 5190562.76 2284911.9 1142.04 885.2 1.4188
2459769.89834 5195937.97 2284348.93 1142.0 885.37 1.4188
2459769.89848 5191183.64 2284958.28 1142.03 885.43 1.4188
2459769.898618 5196054.22 2284653.23 1141.87 885.44 1.4188
2459769.89876 5196111.07 2285191.02 1141.95 885.46 1.4188
2459769.898901 5200865.19 2283902.61 1142.36 885.52 1.4188
2459769.899043 5192764.93 2282481.1 1142.41 885.41 1.4188
2459769.899184 5186664.24 2284571.01 1142.04 885.35 1.4188
2459769.899325 5194383.38 2284459.43 1141.84 885.29 1.4188
2459769.899466 5188856.04 2283151.99 1142.34 885.44 1.4188
2459769.899608 5185546.27 2285652.03 1141.96 885.5 1.4188
2459769.899749 5187171.92 2285209.41 1141.96 885.55 1.4188
2459769.89989 5192931.65 2286072.66 1141.94 885.65 1.4188
2459769.900032 5186594.22 2286013.2 1142.62 885.84 1.4188
2459769.900173 5183533.79 2285848.27 1142.82 885.51 1.4188
2459769.900321 5189087.15 2286711.2 1143.1 885.21 1.4188
2459769.90047 5196894.17 2285776.02 1142.4 884.73 1.4188
2459769.900607 5188580.17 2285567.18 1142.49 885.06 1.4188
2459769.90074 5186565.03 2285838.95 1142.61 884.89 1.4188
2459769.90088 5188432.95 2286079.86 1142.45 885.08 1.4189
2459769.90103 5184643.45 2285203.35 1142.27 884.85 1.4189
2459769.901172 5180868.4 2286752.41 1141.75 885.24 1.4189
2459769.901304 5182840.6 2285890.88 1141.8 885.03 1.4189
2459769.901445 5187083.69 2284993.51 1142.34 885.23 1.4189
2459769.901587 5183256.52 2285824.0 1142.41 885.38 1.4189
2459769.901728 5185861.82 2284632.13 1142.46 885.59 1.419
2459769.901871 5179543.52 2287303.36 1142.61 885.61 1.419
2459769.902013 5186769.97 2287020.54 1143.17 885.81 1.419
2459769.902152 5187018.02 2286778.3 1142.58 886.2 1.419
2459769.902297 5193749.23 2285230.49 1142.46 885.93 1.4191
2459769.902442 5185511.02 2284688.52 1142.4 886.04 1.4191
2459769.90258 5188885.65 2284393.2 1142.29 885.24 1.4191
2459769.902718 5188469.2 2284588.48 1141.92 884.92 1.4191
2459769.902859 5185591.48 2284760.45 1142.38 885.44 1.4192
2459769.903 5185848.78 2284530.44 1142.38 885.31 1.4192
2459769.903144 5186810.05 2286257.4 1142.28 885.15 1.4192
2459769.903286 5185538.62 2285874.29 1142.09 884.99 1.4193
2459769.903425 5188078.72 2284575.17 1142.44 885.32 1.4193
2459769.903566 5183496.98 2284272.07 1142.82 885.06 1.4193
2459769.903707 5189836.38 2285500.79 1143.01 885.06 1.4194
2459769.90385 5188296.28 2286484.61 1141.81 885.12 1.4194
2459769.903992 5186711.69 2286986.01 1141.83 885.53 1.4195
2459769.904132 5181237.22 2285972.16 1141.82 885.53 1.4195
2459769.904272 5189121.2 2286046.22 1142.29 885.53 1.4195
2459769.904416 5183506.38 2285613.63 1142.31 885.32 1.4196
2459769.904557 5176301.89 2284305.16 1142.51 885.06 1.4196
2459769.904696 5178134.07 2285736.32 1142.75 885.1 1.4197
2459769.904837 5174668.11 2283569.18 1142.81 885.61 1.4197
2459769.904979 5175961.23 2285377.74 1142.62 885.82 1.4198
2459769.90512 5170586.59 2285157.75 1142.45 885.83 1.4198
2459769.905261 5168002.22 2284526.44 1142.79 885.86 1.4199
2459769.905404 5180325.52 2285207.96 1143.53 885.4 1.42
2459769.905544 5179245.68 2285593.64 1143.61 885.18 1.42
2459769.905686 5175602.68 2282937.66 1142.73 885.25 1.4201
2459769.90583 5180311.27 2285334.67 1142.46 884.9 1.4201
2459769.905973 5172175.96 2284992.82 1142.41 885.26 1.4202
2459769.906116 5175508.75 2285957.58 1142.84 885.13 1.4202
2459769.906258 5173339.85 2285596.1 1142.97 885.34 1.4203
2459769.906396 5180325.75 2286806.06 1142.98 884.92 1.4204
2459769.906535 5168687.85 2286494.02 1142.85 884.89 1.4204
2459769.906675 5164829.93 2284615.97 1143.0 884.91 1.4205
2459769.906816 5172636.36 2285340.96 1142.75 885.38 1.4206
2459769.906957 5171904.04 2285509.58 1143.19 885.65 1.4206
2459769.907104 5166083.59 2284804.11 1143.05 885.97 1.4207
2459769.907245 5166399.41 2284731.63 1143.16 886.03 1.4208
2459769.907381 5163321.58 2285593.33 1142.61 885.1 1.4209
2459769.907524 5164487.88 2284932.16 1142.41 884.89 1.4209
2459769.907664 5169326.88 2285073.56 1142.15 885.45 1.421
2459769.907806 5161384.66 2284372.73 1142.31 885.16 1.4211
2459769.907948 5165847.04 2282558.28 1142.51 884.92 1.4212
2459769.90809 5171437.6 2285004.01 1142.51 885.25 1.4212
2459769.908233 5161866.55 2286348.65 1142.47 885.08 1.4213
2459769.908374 5162616.77 2284985.86 1142.87 884.76 1.4214
2459769.908512 5156206.16 2284058.9 1143.26 884.87 1.4215
2459769.908654 5151929.28 2282430.55 1142.56 884.83 1.4216
2459769.908795 5160824.65 2283470.35 1142.76 884.89 1.4217
2459769.908936 5155831.52 2284237.27 1142.82 885.14 1.4218
2459769.909084 5157186.03 2285839.23 1142.73 885.14 1.4218
2459769.909232 5161548.36 2283908.82 1142.53 885.38 1.4219
2459769.90937 5159049.9 2284346.38 1142.28 885.72 1.422
2459769.909506 5162453.21 2285403.79 1141.93 885.55 1.4221
2459769.909644 5163701.26 2286940.75 1142.29 885.67 1.4222
2459769.909784 5160460.8 2285423.67 1141.95 885.68 1.4223
2459769.90993 5149367.19 2284747.4 1142.44 885.69 1.4224
2459769.910072 5151545.38 2285664.63 1142.42 885.63 1.4225
2459769.910208 5137611.97 2286269.86 1142.43 885.29 1.4226
2459769.91035 5146310.94 2286874.16 1142.64 885.05 1.4227
2459769.910491 5137114.9 2286763.05 1142.96 884.75 1.4228
2459769.910632 5139688.99 2285608.98 1143.15 884.71 1.4229
2459769.910774 5136592.06 2286825.79 1142.79 884.69 1.423
2459769.910915 5133046.22 2287003.13 1143.15 884.94 1.4231
2459769.911059 5125229.46 2286654.82 1143.38 885.14 1.4232
2459769.9112 5131004.08 2285418.98 1143.63 884.84 1.4233
2459769.911339 5125740.91 2285433.0 1143.7 884.95 1.4235
2459769.91148 5125842.21 2285102.35 1143.33 885.41 1.4236
2459769.911622 5125235.44 2284229.11 1143.23 885.15 1.4237
2459769.911763 5115097.79 2286266.56 1142.79 884.91 1.4238
2459769.911904 5119680.32 2286692.94 1143.27 885.53 1.4239
2459769.912046 5117342.17 2285519.06 1143.51 885.35 1.424
2459769.912187 5120090.03 2286563.28 1143.68 885.15 1.4241
2459769.912331 5123670.69 2286257.96 1143.86 885.12 1.4243
2459769.912472 5113985.67 2284861.64 1144.03 884.94 1.4244
2459769.912614 5113539.67 2286727.89 1143.86 885.47 1.4245
2459769.912755 5113108.51 2286921.74 1143.71 885.34 1.4246
2459769.912894 5117084.07 2287290.57 1143.8 885.05 1.4248
2459769.913038 5115713.89 2287123.91 1143.9 884.58 1.4249
2459769.91318 5107250.15 2284844.64 1144.29 884.61 1.425
2459769.913318 5111334.12 2286179.67 1143.95 884.42 1.4252
2459769.913459 5117521.76 2285027.96 1144.48 884.27 1.4253
2459769.9136 5117202.06 2284603.73 1144.06 884.13 1.4254
2459769.913746 5120839.16 2284416.77 1143.59 883.95 1.4255
2459769.913887 5120517.54 2283731.33 1143.28 884.53 1.4257
2459769.914024 5115013.91 2282873.7 1143.22 884.62 1.4258
2459769.914166 5110876.14 2284794.54 1142.74 884.64 1.426
2459769.914307 5101622.59 2284838.22 1143.24 884.47 1.4261
2459769.914453 5099280.12 2284055.6 1143.11 884.44 1.4262
2459769.914597 5100756.9 2282912.07 1143.02 884.52 1.4264
2459769.914734 5103142.42 2285160.26 1143.18 884.63 1.4265
2459769.914872 5103236.3 2284129.12 1143.17 884.71 1.4267
2459769.915014 5102094.74 2284369.28 1143.14 884.8 1.4268
2459769.915156 5105325.42 2284432.07 1143.09 885.13 1.427
2459769.915297 5101487.34 2283805.52 1143.38 884.94 1.4271
2459769.91544 5085548.1 2283587.39 1143.26 885.13 1.4273
2459769.91558 5090952.44 2284063.8 1143.18 885.1 1.4274
2459769.91572 5094008.55 2286065.37 1143.19 885.18 1.4276
2459769.915862 5102291.9 2285575.75 1143.39 885.36 1.4277
2459769.916003 5099180.59 2284326.4 1143.28 885.31 1.4279
2459769.916144 5097846.66 2286199.53 1143.06 885.42 1.428
2459769.916286 5080594.72 2285293.84 1142.56 885.17 1.4282
2459769.916427 5078544.87 2285771.05 1142.78 884.81 1.4283
2459769.916506 5075871.1 2290829.96 1143.03 884.98 1.4284
