2459769.865829 14534110.88 7854575.92 1188.26 1344.88 1.4593
2459769.865971 14537227.34 7852916.13 1186.47 1346.07 1.459
2459769.866112 14524766.61 7852593.78 1187.06 1346.66 1.4587
2459769.866253 14510024.42 7853911.75 1187.52 1347.44 1.4583
2459769.866395 14496544.33 7852791.3 1188.77 1347.59 1.458
2459769.866536 14529396.44 7853728.77 1188.94 1347.98 1.4577
2459769.866677 14538175.86 7849729.86 1188.81 1347.46 1.4573
2459769.866819 14547729.35 7848099.78 1188.37 1346.94 1.457
2459769.86696 14571568.84 7850412.17 1187.72 1346.6 1.4567
2459769.867101 14591234.66 7850767.56 1187.72 1346.27 1.4564
2459769.867243 14577106.02 7853232.83 1187.71 1345.49 1.4561
2459769.867384 14577242.23 7854990.63 1187.53 1345.04 1.4557
2459769.867525 14551836.91 7848693.89 1186.86 1345.48 1.4554
2459769.867667 14534692.14 7854355.98 1187.1 1345.97 1.4551
2459769.867808 14556117.94 7846812.38 1187.69 1345.92 1.4548
2459769.867949 14566534.7 7853655.26 1188.2 1346.12 1.4545
2459769.868091 14604193.93 7854025.61 1186.98 1345.77 1.4542
2459769.868232 14603158.4 7854627.36 1187.01 1346.15 1.4539
2459769.868373 14593762.33 7852459.14 1186.39 1346.14 1.4536
2459769.868515 14593482.6 7852283.11 1186.09 1345.97 1.4533
2459769.868656 14621843.97 7855778.86 1185.59 1346.29 1.453
2459769.868797 14601017.51 7857097.91 1185.39 1346.2 1.4527
2459769.868939 14590187.33 7852182.71 1185.3 1346.53 1.4524
2459769.86908 14589578.03 7849985.96 1185.4 1346.84 1.4521
2459769.869221 14587214.3 7852778.28 1185.47 1347.35 1.4518
2459769.869363 14597656.76 7849714.43 1185.76 1347.09 1.4515
2459769.869504 14601417.27 7852020.03 1186.39 1347.21 1.4512
2459769.869645 14604123.11 7853863.22 1186.53 1346.84 1.4509
2459769.869787 14610481.13 7849973.32 1186.86 1346.88 1.4506
2459769.869928 14595920.07 7850782.43 1186.66 1347.05 1.4503
2459769.870069 14604712.19 7854618.62 1185.56 1346.8 1.45
2459769.870211 14593529.95 7856611.5 1185.45 1346.91 1.4497
2459769.870352 14603567.54 7858224.73 1184.57 1347.22 1.4495
2459769.870493 14604522.75 7858400.87 1184.41 1347.02 1.4492
2459769.870635 14623783.98 7855912.61 1184.54 1346.97 1.4489
2459769.870776 14614744.36 7857351.55 1185.2 1347.49 1.4486
2459769.870918 14626203.27 7856280.39 1185.91 1347.1 1.4483
2459769.871059 14606352.81 7853230.83 1186.5 1347.04 1.448
2459769.8712 14614905.46 7856968.4 1186.13 1346.97 1.4478
2459769.871342 14627056.19 7858441.51 1186.12 1347.41 1.4475
2459769.871483 14626388.13 7855522.09 1185.72 1347.37 1.4472
2459769.871624 14625499.08 7863409.44 1185.67 1347.57 1.447
2459769.871766 14622048.28 7861570.14 1185.96 1347.48 1.4467
2459769.871907 14587389.25 7857978.43 1185.83 1348.49 1.4464
2459769.872048 14607495.22 7857001.17 1185.89 1348.15 1.4461
2459769.87219 14625768.07 7861544.2 1185.56 1347.94 1.4459
2459769.872331 14639812.3 7857995.54 1185.12 1347.63 1.4456
2459769.872472 14624827.07 7859725.78 1184.68 1347.72 1.4454
2459769.872614 14627474.49 7859912.63 1184.59 1347.61 1.4451
2459769.872755 14652266.63 7856989.97 1184.97 1347.63 1.4448
2459769.872896 14640403.18 7858258.79 1184.78 1347.94 1.4446
2459769.873038 14651035.1 7855265.4 1185.44 1348.02 1.4443
2459769.873179 14674116.01 7860718.73 1185.17 1347.37 1.4441
2459769.87332 14670592.37 7858763.55 1184.63 1347.24 1.4438
2459769.873462 14670272.94 7852915.11 1184.45 1347.05 1.4435
2459769.873603 14652140.0 7855950.46 1184.87 1346.54 1.4433
2459769.873744 14642394.58 7846069.72 1185.71 1346.18 1.443
2459769.873886 14665271.65 7847840.35 1185.26 1345.72 1.4428
2459769.874027 14674715.59 7845686.55 1184.69 1345.63 1.4426
2459769.874168 14681668.95 7851125.73 1184.03 1345.82 1.4423
2459769.87431 14666866.07 7850661.64 1183.41 1345.68 1.4421
2459769.874451 14661096.98 7852505.23 1182.88 1346.23 1.4418
2459769.874592 14662727.49 7851539.59 1183.48 1346.43 1.4416
2459769.874734 14663792.54 7857400.41 1183.85 1346.99 1.4413
2459769.874875 14653573.87 7851957.55 1184.42 1347.47 1.4411
2459769.875016 14652166.78 7846953.32 1184.18 1346.86 1.4409
2459769.875158 14664757.23 7854295.16 1184.31 1346.76 1.4406
2459769.875299 14663477.96 7858484.16 1183.92 1347.42 1.4404
2459769.87544 14667184.27 7855577.78 1183.47 1347.59 1.4402
2459769.875582 14678858.5 7852454.73 1182.76 1347.17 1.4399
2459769.875723 14666977.87 7850877.08 1183.45 1347.07 1.4397
2459769.875864 14677348.13 7853512.37 1183.7 1347.0 1.4395
2459769.876006 14695667.94 7856977.26 1184.08 1346.8 1.4392
2459769.876147 14683907.39 7852433.38 1184.15 1346.72 1.439
2459769.876288 14665557.45 7850785.59 1184.05 1346.84 1.4388
2459769.87643 14689460.47 7856370.24 1183.16 1347.14 1.4386
2459769.876571 14667940.59 7854446.72 1183.28 1346.08 1.4383
2459769.876712 14694284.4 7861941.68 1183.34 1345.62 1.4381
2459769.876854 14707075.62 7857900.75 1183.53 1346.08 1.4379
2459769.876995 14705437.0 7859699.71 1183.77 1347.25 1.4377
2459769.877136 14706583.92 7857062.94 1183.43 1347.82 1.4375
2459769.877278 14701493.72 7851787.46 1182.91 1347.73 1.4373
2459769.877419 14724499.38 7850908.09 1183.11 1347.43 1.437
2459769.87756 14717790.52 7851515.11 1183.05 1346.95 1.4368
2459769.877702 14714065.62 7848795.81 1183.29 1346.89 1.4366
2459769.877843 14742126.84 7854493.13 1182.95 1346.98 1.4364
2459769.877984 14728217.37 7852762.69 1183.01 1346.57 1.4362
2459769.878126 14738796.93 7856171.96 1182.56 1346.32 1.436
2459769.878267 14734493.0 7855365.19 1182.75 1346.48 1.4358
2459769.878408 14748940.9 7853968.03 1182.98 1346.82 1.4356
2459769.87855 14746728.54 7856777.05 1183.23 1347.33 1.4354
2459769.878691 14733342.2 7854763.48 1182.61 1347.41 1.4352
2459769.878832 14718673.95 7849526.23 1182.85 1347.74 1.435
2459769.878974 14720864.8 7850059.66 1183.15 1348.17 1.4348
2459769.879115 14727340.68 7849419.8 1183.07 1348.22 1.4346
2459769.879256 14730718.84 7850286.45 1182.51 1347.87 1.4344
2459769.879398 14719813.04 7850093.04 1182.8 1348.27 1.4342
2459769.879539 14713201.78 7847776.54 1182.84 1348.19 1.434
2459769.87968 14736328.81 7850544.51 1184.13 1347.94 1.4338
2459769.879822 14751591.07 7850983.95 1184.17 1348.47 1.4336
2459769.879963 14737073.4 7853616.51 1184.07 1348.3 1.4335
2459769.880104 14738670.42 7854097.13 1183.92 1348.04 1.4333
2459769.880246 14737455.45 7856036.26 1183.89 1348.26 1.4331
2459769.880387 14730859.9 7850572.02 1183.26 1348.93 1.4329
2459769.880528 14743386.46 7851411.44 1182.28 1348.75 1.4327
2459769.88067 14749681.05 7850212.32 1182.23 1348.5 1.4325
2459769.880811 14778507.7 7852078.37 1181.51 1347.75 1.4324
2459769.880953 14749705.0 7848320.11 1182.06 1347.23 1.4322
2459769.881094 14751703.44 7851760.7 1181.99 1346.58 1.432
2459769.881235 14769177.46 7855007.0 1181.91 1346.17 1.4318
2459769.881377 14752298.43 7854460.14 1182.38 1345.95 1.4317
2459769.881518 14768152.97 7850433.6 1182.74 1346.32 1.4315
2459769.881659 14763794.16 7852879.02 1182.74 1345.58 1.4313
2459769.881801 14758639.72 7851349.59 1182.75 1345.61 1.4311
2459769.881942 14766535.56 7851337.47 1182.45 1345.67 1.431
2459769.882083 14760171.95 7854869.56 1182.42 1345.52 1.4308
2459769.882225 14755572.93 7853804.73 1182.29 1345.44 1.4306
2459769.882366 14759875.77 7851403.76 1182.34 1345.05 1.4305
2459769.882507 14782936.57 7853719.11 1181.92 1344.5 1.4303
2459769.882649 14795260.4 7853843.49 1182.03 1344.4 1.4302
2459769.88279 14781873.88 7855738.06 1181.23 1344.51 1.43
2459769.882931 14766369.27 7852607.68 1181.78 1345.12 1.4298
2459769.883073 14734883.72 7849023.62 1182.22 1345.27 1.4297
2459769.883214 14768252.42 7848880.09 1182.34 1345.75 1.4295
2459769.883355 14756165.82 7850173.03 1182.51 1345.92 1.4294
2459769.883497 14782601.5 7849581.9 1182.91 1345.73 1.4292
2459769.883638 14789160.1 7858860.78 1182.92 1345.76 1.4291
2459769.883779 14778293.81 7852093.88 1182.57 1346.36 1.4289
2459769.883921 14809875.69 7851871.5 1182.27 1347.06 1.4288
2459769.884062 14779650.74 7849505.24 1182.53 1347.54 1.4286
2459769.884203 14796407.72 7848163.27 1182.76 1346.97 1.4285
2459769.884345 14808438.01 7846408.21 1182.75 1347.31 1.4283
2459769.884486 14791337.09 7843676.18 1182.33 1347.77 1.4282
2459769.884627 14784070.97 7851340.6 1181.71 1348.1 1.428
2459769.884769 14772970.99 7847707.95 1182.21 1347.68 1.4279
2459769.88491 14778623.72 7846714.87 1182.2 1347.15 1.4278
2459769.885051 14782353.17 7846610.45 1182.28 1347.29 1.4276
2459769.885193 14795011.86 7848031.27 1182.14 1346.86 1.4275
2459769.885334 14799069.58 7851617.01 1182.1 1347.07 1.4273
2459769.885475 14796349.79 7846285.94 1181.83 1346.38 1.4272
2459769.885617 14793895.67 7847667.31 1181.63 1346.27 1.4271
2459769.885758 14796118.78 7851430.45 1181.31 1346.08 1.427
2459769.885899 14802391.0 7855115.46 1180.94 1345.91 1.4268
2459769.886041 14779189.69 7854801.15 1181.26 1346.29 1.4267
2459769.886182 14764923.08 7853043.15 1181.51 1346.46 1.4266
2459769.886323 14760036.03 7854003.62 1182.05 1347.08 1.4264
2459769.886465 14767765.99 7853050.01 1182.2 1346.73 1.4263
2459769.886606 14773383.5 7856370.48 1182.34 1346.88 1.4262
2459769.886747 14781615.39 7851811.82 1182.2 1346.71 1.4261
2459769.886889 14763939.41 7840930.81 1182.12 1346.53 1.426
2459769.88703 14779866.59 7847352.67 1181.94 1347.01 1.4258
2459769.887171 14786153.09 7844573.0 1182.01 1346.53 1.4257
2459769.887313 14558749.75 7848005.96 1181.6 1346.95 1.4256
2459769.887454 13554818.92 7844532.83 1181.88 1347.4 1.4255
2459769.887595 13007108.79 7841747.42 1183.74 1347.59 1.4254
2459769.887737 12682571.76 7839726.7 1186.71 1347.95 1.4253
2459769.887878 12410279.93 7839843.19 1188.34 1348.22 1.4251
2459769.888019 12368685.73 7836694.94 1190.23 1347.53 1.425
2459769.888161 12367773.47 7841790.47 1190.65 1347.39 1.4249
2459769.888302 12294729.3 7837680.65 1191.48 1346.98 1.4248
2459769.888443 12272840.2 7837015.09 1192.0 1347.8 1.4247
2459769.888585 12286515.27 7840908.88 1192.13 1348.08 1.4246
2459769.888726 12267913.18 7840891.91 1192.62 1347.4 1.4245
2459769.888868 12258260.17 7837657.18 1194.12 1346.99 1.4244
2459769.889009 12280938.41 7832994.04 1195.43 1346.53 1.4243
2459769.88915 12292438.15 7828458.0 1195.93 1346.7 1.4242
2459769.889291 12307109.31 7834308.78 1195.7 1346.36 1.4241
2459769.889433 12322913.99 7839887.39 1195.01 1345.93 1.424
2459769.889574 12307822.69 7835283.73 1193.89 1345.74 1.4239
2459769.889716 12307508.06 7838596.64 1193.65 1345.63 1.4238
2459769.889857 12335576.05 7842613.19 1193.23 1346.01 1.4237
2459769.889998 12300124.33 7838736.56 1193.26 1345.88 1.4236
2459769.89014 12304237.21 7840512.58 1192.97 1345.71 1.4236
2459769.890281 12355523.22 7836677.58 1193.3 1345.79 1.4235
2459769.890422 12389949.85 7838625.69 1193.53 1346.04 1.4234
2459769.890564 12423235.6 7840598.38 1193.06 1345.84 1.4233
2459769.890705 12606038.73 7839626.95 1192.49 1346.27 1.4232
2459769.890846 12931094.28 7844621.13 1192.02 1346.83 1.4231
2459769.890988 13335966.17 7848315.96 1191.67 1346.94 1.4231
2459769.891129 14431368.43 7849429.96 1193.53 1347.75 1.423
2459769.89127 14782088.77 7851697.14 1192.07 1347.07 1.4229
2459769.891412 14809212.67 7854096.67 1188.47 1347.01 1.4228
2459769.891553 14804959.42 7852312.03 1185.91 1347.14 1.4227
2459769.891694 14787769.47 7854543.08 1184.24 1346.99 1.4227
2459769.891836 14810734.17 7856322.46 1182.63 1346.86 1.4226
2459769.891977 14813631.63 7852853.33 1182.06 1346.22 1.4225
2459769.892118 14767311.94 7848402.38 1181.52 1346.04 1.4225
2459769.89226 14787841.75 7847443.0 1181.49 1345.56 1.4224
2459769.892401 14786881.16 7850175.69 1181.7 1346.08 1.4223
2459769.892542 14783068.18 7848866.83 1181.71 1346.24 1.4222
2459769.892684 14799255.81 7853252.45 1181.25 1345.81 1.4222
2459769.892825 14803296.63 7850628.5 1181.08 1346.33 1.4221
2459769.892966 14787166.63 7847213.43 1180.55 1346.65 1.4221
2459769.893108 14801170.39 7845787.23 1180.48 1346.24 1.422
2459769.893249 14816410.17 7850199.03 1180.76 1346.01 1.4219
2459769.89339 14806564.4 7848471.12 1181.27 1345.93 1.4219
2459769.893532 14812054.86 7850180.58 1181.43 1346.29 1.4218
2459769.893673 14808734.33 7848543.49 1181.61 1346.29 1.4218
2459769.893814 14820857.21 7852630.2 1181.71 1346.18 1.4217
2459769.893956 14822142.25 7853765.82 1182.27 1346.38 1.4217
2459769.894097 14813166.83 7850778.73 1182.67 1346.75 1.4216
2459769.894238 14796757.66 7851767.39 1182.22 1347.02 1.4216
2459769.89438 14803459.68 7849242.62 1181.51 1346.74 1.4215
2459769.894521 14812989.15 7854764.49 1181.8 1346.54 1.4215
2459769.894662 14810652.45 7854290.32 1181.78 1346.56 1.4214
2459769.894804 14818323.14 7852278.2 1182.31 1346.77 1.4214
2459769.894945 14807668.53 7854118.33 1182.66 1346.87 1.4213
2459769.895086 14820993.74 7855600.79 1182.31 1347.47 1.4213
2459769.895228 14815164.05 7857951.07 1182.23 1347.49 1.4212
2459769.895369 14805848.43 7852416.63 1182.77 1347.6 1.4212
2459769.89551 14793342.53 7858261.14 1182.34 1348.1 1.4212
2459769.895652 14790758.34 7855013.78 1182.21 1347.67 1.4211
2459769.895793 14795098.7 7851743.59 1181.96 1347.99 1.4211
2459769.895934 14784999.69 7849996.6 1182.39 1348.41 1.4211
2459769.896076 14777891.88 7851104.43 1182.37 1348.0 1.421
2459769.896217 14783994.45 7852958.42 1182.5 1347.15 1.421
2459769.896358 14782496.77 7850714.3 1182.77 1346.59 1.421
2459769.8965 14782567.4 7851572.56 1182.66 1346.6 1.4209
2459769.896641 14769337.51 7847578.91 1182.96 1346.49 1.4209
2459769.896782 14770160.51 7847263.9 1183.06 1346.37 1.4209
2459769.896924 14778549.75 7851921.21 1182.8 1346.22 1.4209
2459769.897065 14781441.41 7844836.5 1182.82 1346.19 1.4208
2459769.897206 14778970.78 7847539.91 1182.67 1346.43 1.4208
2459769.897348 14783350.89 7848999.13 1182.19 1346.16 1.4208
2459769.897489 14774015.63 7849875.13 1181.82 1346.54 1.4208
2459769.89763 14771654.4 7850846.07 1182.03 1347.46 1.4207
2459769.897772 14777188.42 7850401.13 1181.86 1347.19 1.4207
2459769.897913 14773076.77 7849143.98 1181.82 1347.3 1.4207
2459769.898054 14766171.45 7851874.04 1182.14 1347.34 1.4207
2459769.898196 14771680.39 7851519.96 1182.26 1346.9 1.4207
2459769.898337 14769407.15 7845280.67 1182.4 1346.82 1.4207
2459769.898478 14762627.27 7844195.25 1182.66 1346.89 1.4207
2459769.89862 14766892.03 7841657.36 1182.65 1347.02 1.4207
2459769.898761 14759026.95 7839995.66 1182.19 1346.69 1.4206
2459769.898902 14786030.8 7847489.65 1182.21 1346.75 1.4206
2459769.899044 14754412.88 7843339.16 1182.51 1347.06 1.4206
2459769.899185 14741014.91 7843632.01 1182.22 1346.84 1.4206
2459769.899326 14755716.36 7839447.1 1182.17 1347.08 1.4206
2459769.899468 14748506.45 7840947.14 1182.31 1346.54 1.4206
2459769.899609 14730623.98 7840940.28 1182.03 1346.59 1.4206
2459769.89975 14739450.22 7841992.81 1181.5 1346.66 1.4206
2459769.899892 14749068.23 7842600.37 1181.41 1346.66 1.4206
2459769.900033 14722358.2 7838125.85 1182.3 1346.51 1.4206
2459769.900175 14734266.98 7842340.54 1182.86 1347.1 1.4206
2459769.900316 14740517.61 7847295.97 1183.6 1347.19 1.4207
2459769.900457 14769825.59 7848760.14 1183.21 1347.56 1.4207
2459769.900599 14746463.5 7839069.02 1183.08 1347.53 1.4207
2459769.90074 14740763.89 7842958.59 1183.07 1347.42 1.4207
2459769.900881 14739179.99 7844299.79 1182.66 1347.59 1.4207
2459769.901023 14726004.92 7843304.16 1182.71 1347.55 1.4207
2459769.901164 14717697.49 7839043.77 1182.23 1347.42 1.4207
2459769.901305 14719364.21 7838280.92 1181.81 1347.38 1.4207
2459769.901447 14730269.25 7839196.51 1182.54 1346.76 1.4208
2459769.901588 14724664.58 7843959.89 1182.94 1346.67 1.4208
2459769.901729 14721681.9 7841032.32 1183.31 1346.49 1.4208
2459769.901871 14715642.72 7845179.89 1183.35 1346.58 1.4208
2459769.902012 14728373.42 7841240.81 1183.97 1346.4 1.4208
2459769.902153 14731454.95 7844022.69 1183.77 1345.97 1.4209
2459769.902295 14739467.33 7844483.07 1183.45 1346.17 1.4209
2459769.902436 14725366.16 7841693.87 1183.23 1346.13 1.4209
2459769.902577 14721489.9 7844173.39 1182.93 1346.62 1.4209
2459769.902719 14728304.92 7844583.48 1182.76 1347.19 1.421
2459769.90286 14726369.48 7844228.75 1182.96 1346.88 1.421
2459769.903001 14726835.81 7837957.97 1183.3 1347.19 1.421
2459769.903143 14719232.65 7843174.6 1183.05 1347.08 1.4211
2459769.903284 14728869.47 7845682.47 1182.68 1346.96 1.4211
2459769.903425 14728192.35 7841179.24 1183.55 1347.36 1.4211
2459769.903567 14723738.98 7847894.61 1183.97 1347.37 1.4212
2459769.903708 14728819.8 7847535.78 1184.12 1347.01 1.4212
2459769.903849 14731973.63 7850174.4 1182.67 1346.57 1.4213
2459769.903991 14728306.15 7850820.14 1182.28 1346.1 1.4213
2459769.904132 14716308.05 7848201.74 1181.86 1346.21 1.4213
2459769.904273 14720592.55 7843592.69 1182.59 1346.32 1.4214
2459769.904415 14711941.12 7840850.0 1183.01 1346.71 1.4214
2459769.904556 14696544.76 7838374.51 1183.23 1347.17 1.4215
2459769.904697 14695364.38 7834975.69 1183.49 1346.75 1.4215
2459769.904839 14704421.62 7845170.35 1183.5 1346.12 1.4216
2459769.90498 14697097.38 7843538.99 1183.16 1345.91 1.4216
2459769.905121 14678731.87 7837870.34 1182.89 1346.43 1.4217
2459769.905263 14681104.71 7836216.01 1183.77 1346.47 1.4217
2459769.905404 14699195.89 7840384.78 1184.75 1347.19 1.4218
2459769.905545 14706002.45 7844090.73 1185.14 1347.14 1.4219
2459769.905687 14684076.24 7838731.37 1183.73 1346.68 1.4219
2459769.905828 14690404.39 7837686.88 1183.32 1347.26 1.422
2459769.905969 14676592.8 7840703.74 1183.22 1347.18 1.422
2459769.906111 14680927.95 7836968.42 1183.77 1347.01 1.4221
2459769.906252 14681836.13 7839487.15 1183.92 1346.34 1.4222
2459769.906393 14694332.38 7840311.88 1183.93 1347.0 1.4222
2459769.906535 14676918.37 7845630.69 1183.76 1347.43 1.4223
2459769.906676 14653837.01 7840021.66 1183.98 1347.75 1.4224
2459769.906817 14676823.82 7836065.44 1184.43 1347.45 1.4224
2459769.906959 14683568.14 7837727.63 1184.56 1346.67 1.4225
2459769.9071 14679984.42 7840673.26 1184.69 1346.26 1.4226
2459769.907241 14670496.88 7838039.71 1185.17 1346.22 1.4226
2459769.907383 14672797.24 7839354.01 1184.25 1346.85 1.4227
2459769.907524 14670148.27 7834467.12 1183.53 1347.2 1.4228
2459769.907666 14681766.23 7839391.44 1183.2 1346.78 1.4229
2459769.907807 14655676.88 7836655.69 1183.47 1347.24 1.4229
2459769.907948 14674164.96 7835868.33 1183.77 1347.19 1.423
2459769.90809 14687782.93 7837394.97 1183.82 1347.08 1.4231
2459769.908231 14661589.91 7837620.28 1183.8 1346.92 1.4232
2459769.908372 14651793.11 7834507.81 1184.41 1347.41 1.4233
2459769.908514 14646547.84 7831988.86 1184.56 1347.6 1.4233
2459769.908655 14640892.7 7834542.05 1183.99 1348.0 1.4234
2459769.908796 14651890.56 7835475.92 1184.34 1347.81 1.4235
2459769.908938 14650595.66 7841133.75 1184.07 1347.79 1.4236
2459769.909079 14653367.05 7837575.63 1183.58 1347.41 1.4237
2459769.90922 14657722.28 7835564.46 1183.33 1346.67 1.4238
2459769.909362 14655151.74 7833574.18 1183.18 1346.22 1.4239
2459769.909503 14659272.0 7833688.56 1182.78 1346.5 1.424
2459769.909644 14652178.07 7834853.2 1183.05 1346.36 1.4241
2459769.909786 14655207.0 7833447.31 1182.68 1346.38 1.4242
2459769.909927 14638428.29 7835607.36 1183.16 1346.4 1.4243
2459769.910068 14642602.83 7836767.79 1183.26 1346.44 1.4244
2459769.91021 14611899.61 7835184.73 1183.41 1346.92 1.4245
2459769.910351 14632403.77 7836174.2 1183.83 1347.27 1.4246
2459769.910492 14611663.78 7837385.49 1184.39 1347.25 1.4247
2459769.910634 14620679.76 7838283.23 1184.36 1347.62 1.4248
2459769.910775 14607089.82 7834493.57 1184.34 1347.94 1.4249
2459769.910916 14609017.16 7833396.02 1184.56 1347.87 1.425
2459769.911058 14594519.87 7835676.98 1185.37 1347.85 1.4251
2459769.911199 14610144.61 7833120.41 1185.72 1347.83 1.4252
2459769.91134 14599087.06 7831018.8 1185.86 1347.96 1.4253
2459769.911482 14590912.73 7829823.19 1185.42 1347.58 1.4254
2459769.911623 14585340.22 7833247.53 1185.3 1347.5 1.4255
2459769.911764 14569202.85 7834010.03 1184.73 1347.38 1.4257
2459769.911906 14579800.71 7831046.98 1185.16 1346.77 1.4258
2459769.912047 14567375.62 7830742.0 1185.56 1346.99 1.4259
2459769.912188 14589917.39 7832383.97 1185.87 1347.23 1.426
2459769.91233 14590577.52 7832341.85 1186.17 1346.81 1.4261
2459769.912471 14560905.99 7832122.92 1186.04 1347.03 1.4263
2459769.912612 14580021.11 7830803.37 1186.24 1346.51 1.4264
2459769.912754 14576963.36 7831340.33 1185.69 1346.68 1.4265
2459769.912895 14569625.04 7827374.73 1185.94 1347.04 1.4266
2459769.913036 14568445.21 7828599.04 1186.17 1347.25 1.4268
2459769.913178 14572612.93 7831018.3 1186.39 1347.46 1.4269
2459769.913319 14566724.14 7834698.31 1186.42 1347.96 1.427
2459769.91346 14579039.98 7830812.49 1186.88 1348.4 1.4272
2459769.913602 14579010.05 7829831.17 1186.77 1348.42 1.4273
2459769.913743 14587691.71 7829342.25 1186.6 1348.5 1.4274
2459769.913884 14600366.95 7830399.82 1185.99 1348.21 1.4276
2459769.914026 14583618.13 7831647.82 1186.07 1347.9 1.4277
2459769.914167 14597212.73 7838298.42 1185.26 1348.12 1.4278
2459769.914308 14555671.85 7832816.88 1185.42 1348.16 1.428
2459769.91445 14563779.11 7834648.39 1185.47 1348.01 1.4281
2459769.914591 14560432.25 7831478.57 1185.56 1347.7 1.4283
2459769.914732 14579120.2 7832509.6 1186.03 1347.75 1.4284
2459769.914874 14563096.08 7834956.29 1185.88 1347.85 1.4286
2459769.915015 14583308.85 7832894.0 1186.16 1347.93 1.4287
2459769.915156 14590655.16 7826273.76 1185.96 1347.68 1.4288
2459769.915298 14567475.86 7826683.96 1186.54 1347.45 1.429
2459769.915439 14550920.58 7830586.56 1186.3 1347.38 1.4291
2459769.91558 14554649.29 7829698.88 1186.05 1346.92 1.4293
2459769.915722 14561246.15 7826098.46 1185.95 1346.74 1.4295
2459769.915863 14575650.74 7829029.75 1186.49 1346.39 1.4296
2459769.916004 14582111.83 7831249.99 1186.27 1346.39 1.4298
2459769.916146 14576010.61 7831148.47 1185.93 1346.16 1.4299
2459769.916287 14554934.67 7829820.55 1185.68 1346.45 1.4301
2459769.916423 14545959.18 7832320.21 1185.62 1346.84 1.4302
