2459769.865828 6972365.32 2265548.27 1056.96 886.41 1.4572
2459769.865972 6973950.54 2264345.74 1056.31 886.21 1.4569
2459769.866113 7005976.02 2264813.44 1056.65 885.81 1.4566
2459769.866252 6996778.21 2265724.9 1057.12 885.86 1.4563
2459769.866394 6994552.24 2265650.28 1057.67 886.07 1.4559
2459769.866535 6990664.09 2267493.76 1057.92 885.45 1.4556
2459769.866676 6979326.79 2267788.08 1057.94 886.2 1.4553
2459769.866817 6985919.7 2265862.06 1057.86 886.35 1.455
2459769.866962 6993484.24 2266816.34 1057.66 886.72 1.4546
2459769.867104 7011709.26 2266242.06 1057.64 887.09 1.4543
2459769.867241 6996070.06 2265149.79 1057.67 887.21 1.454
2459769.867383 6984737.58 2266158.13 1057.57 887.41 1.4537
2459769.867524 6978100.68 2263713.92 1057.12 886.85 1.4534
2459769.867666 6980014.15 2261989.53 1056.96 886.89 1.4531
2459769.867808 7000156.84 2265514.0 1057.88 887.42 1.4528
2459769.867948 6981440.53 2267395.61 1058.31 887.09 1.4525
2459769.868091 6993811.41 2267348.57 1057.24 886.84 1.4521
2459769.868233 7001628.88 2265618.27 1057.03 886.98 1.4518
2459769.868372 6993485.2 2267312.12 1056.71 887.07 1.4515
2459769.868514 6985132.29 2266479.07 1056.87 886.66 1.4512
2459769.868656 6994376.13 2266845.4 1056.89 886.85 1.4509
2459769.868796 6988268.55 2265815.79 1056.83 887.02 1.4506
2459769.868939 6981048.61 2265070.67 1056.86 886.19 1.4503
2459769.86908 6984388.73 2265780.33 1057.03 886.01 1.45
2459769.86922 6980132.85 2265320.23 1056.58 885.66 1.4498
2459769.869364 6990025.95 2265055.62 1056.92 886.24 1.4494
2459769.869506 6989874.55 2266683.64 1057.53 885.86 1.4491
2459769.869646 6984243.52 2267512.25 1057.52 886.52 1.4489
2459769.869785 6993288.55 2264677.6 1057.68 886.58 1.4486
2459769.86993 6981204.86 2265307.66 1057.44 886.53 1.4483
2459769.87007 6978610.07 2266065.91 1056.47 886.45 1.448
2459769.87021 6981894.47 2263727.92 1056.57 886.45 1.4477
2459769.870352 6982462.2 2265923.94 1056.04 886.28 1.4474
2459769.870498 6979256.21 2264880.82 1055.75 886.17 1.4471
2459769.87064 6992462.19 2263547.1 1056.32 885.94 1.4469
2459769.870779 6981455.97 2264144.72 1056.68 886.24 1.4466
2459769.870918 6993462.8 2263589.56 1057.48 886.29 1.4463
2459769.871057 6983343.51 2265078.17 1057.57 886.05 1.446
2459769.871199 6978296.66 2263835.25 1057.25 885.82 1.4458
2459769.871342 6985742.27 2265415.36 1057.22 886.19 1.4455
2459769.871484 6987935.09 2264889.97 1056.89 885.94 1.4452
2459769.871623 6979811.06 2264982.96 1057.1 886.14 1.445
2459769.871767 6982244.51 2264439.2 1056.97 885.94 1.4447
2459769.871906 6957463.1 2263999.58 1057.09 885.44 1.4444
2459769.872047 6969822.66 2264500.13 1056.76 885.7 1.4442
2459769.872188 6978941.74 2264224.04 1056.76 885.87 1.4439
2459769.87233 6998113.33 2265558.33 1056.68 886.5 1.4436
2459769.872471 6978105.45 2264029.26 1056.61 886.14 1.4434
2459769.872616 6979303.22 2264295.96 1056.44 885.96 1.4431
2459769.87276 6993318.8 2264059.32 1056.65 886.31 1.4428
2459769.872899 6987507.09 2264396.1 1056.41 885.77 1.4426
2459769.873038 6995230.22 2262490.03 1056.88 886.08 1.4423
2459769.873178 7001786.67 2265757.92 1056.99 885.97 1.4421
2459769.873319 6998434.93 2264599.68 1056.87 886.46 1.4418
2459769.87346 7007011.05 2263493.77 1056.67 886.35 1.4416
2459769.873602 6993473.56 2263617.58 1056.97 886.51 1.4413
2459769.873745 6995363.76 2263996.28 1057.62 886.92 1.4411
2459769.873886 7006748.89 2265146.84 1056.92 887.41 1.4408
2459769.874026 7006637.51 2266120.54 1056.81 887.34 1.4406
2459769.874167 7010457.9 2266861.18 1056.21 887.04 1.4403
2459769.87431 7006402.48 2266915.23 1055.66 887.02 1.4401
2459769.874452 6998614.32 2266442.31 1055.45 886.41 1.4398
2459769.874591 7008378.97 2264659.23 1055.8 886.36 1.4396
2459769.874734 6997203.86 2266992.31 1056.34 886.0 1.4394
2459769.874876 6995967.2 2266366.84 1056.39 885.7 1.4391
2459769.875016 6995901.75 2265771.99 1056.15 886.59 1.4389
2459769.875158 6997776.51 2264700.2 1056.24 886.77 1.4387
2459769.8753 6993989.39 2264899.95 1055.87 886.31 1.4384
2459769.875439 6997844.18 2265141.21 1055.73 885.88 1.4382
2459769.87558 7006188.94 2266325.52 1055.37 886.6 1.438
2459769.875722 6995122.71 2266569.13 1055.81 886.4 1.4378
2459769.875863 7002893.96 2267032.47 1056.27 886.17 1.4375
2459769.876004 7006029.22 2266094.1 1056.18 886.05 1.4373
2459769.876146 7007152.5 2266019.84 1056.23 886.21 1.4371
2459769.876293 6999157.52 2266218.28 1056.07 886.15 1.4368
2459769.876442 6996982.23 2267147.61 1055.32 886.07 1.4366
2459769.876578 6988722.8 2267042.08 1055.68 886.68 1.4364
2459769.876712 7002656.7 2265890.99 1056.0 887.15 1.4362
2459769.876852 7016376.26 2266706.1 1055.76 886.57 1.436
2459769.876994 7011802.86 2266432.97 1056.22 885.66 1.4358
2459769.877135 7017264.71 2265939.4 1055.51 885.53 1.4355
2459769.877276 7009798.8 2265787.67 1055.33 885.96 1.4353
2459769.87742 7019066.37 2269049.32 1055.38 886.57 1.4351
2459769.877562 7011263.9 2270352.22 1055.6 886.67 1.4349
2459769.8777 7011641.74 2271174.75 1056.09 886.8 1.4347
2459769.877842 7024800.46 2267804.86 1055.41 886.81 1.4345
2459769.877983 7015868.89 2266964.93 1055.35 887.24 1.4343
2459769.878124 7017872.33 2267081.62 1055.26 886.88 1.4341
2459769.878267 7012502.99 2265412.13 1055.32 886.82 1.4339
2459769.878408 7024747.9 2264720.35 1055.4 886.62 1.4337
2459769.878548 7016450.0 2266168.42 1055.5 886.26 1.4335
2459769.87869 7015796.78 2266138.03 1055.25 885.89 1.4333
2459769.878831 7007465.11 2266746.66 1055.33 885.95 1.4331
2459769.878978 7005355.26 2266498.96 1055.46 885.92 1.4329
2459769.879121 7012022.28 2266269.05 1055.67 885.82 1.4327
2459769.879258 7015114.35 2267645.96 1055.49 886.07 1.4325
2459769.879398 7009907.96 2268062.07 1055.63 885.41 1.4323
2459769.879538 7008157.01 2267809.77 1055.55 885.43 1.4321
2459769.879679 7023729.3 2266006.94 1056.55 885.59 1.4319
2459769.87982 7023630.27 2265999.58 1056.6 885.48 1.4317
2459769.879962 7011795.93 2265323.11 1056.53 885.57 1.4315
2459769.880103 7003709.74 2265218.46 1056.43 885.74 1.4314
2459769.880244 7012836.15 2266024.85 1056.03 885.5 1.4312
2459769.880386 7003282.46 2264572.1 1055.11 884.9 1.431
2459769.880527 7010942.23 2264162.75 1054.58 885.66 1.4308
2459769.880668 7011274.57 2264929.02 1055.13 885.83 1.4306
2459769.88081 7028775.98 2265181.71 1054.43 886.42 1.4305
2459769.880951 7018494.15 2266446.67 1055.09 886.54 1.4303
2459769.881092 7017432.67 2265035.94 1054.96 886.78 1.4301
2459769.881234 7023678.26 2264696.46 1055.09 887.2 1.4299
2459769.881375 7015392.39 2264487.23 1055.03 886.8 1.4297
2459769.881517 7030793.68 2265341.01 1055.27 886.94 1.4296
2459769.88166 7024163.83 2263639.8 1055.21 887.63 1.4294
2459769.881803 7023135.5 2264823.87 1055.16 887.4 1.4292
2459769.881943 7021189.41 2265382.55 1054.84 887.15 1.4291
2459769.882082 7013452.19 2264625.26 1055.44 887.08 1.4289
2459769.882223 7008889.01 2266205.78 1055.28 886.94 1.4287
2459769.882365 7015925.8 2264144.59 1055.27 887.72 1.4286
2459769.882506 7021339.1 2263817.71 1054.87 887.98 1.4284
2459769.88265 7028100.9 2264329.98 1055.19 888.27 1.4283
2459769.882792 7013144.93 2263840.36 1054.47 887.72 1.4281
2459769.88293 7014194.4 2264953.9 1055.17 887.39 1.4279
2459769.883072 7005034.93 2265798.41 1055.09 887.11 1.4278
2459769.883214 7016476.4 2264604.45 1055.15 886.51 1.4276
2459769.883358 7005035.64 2267119.82 1055.26 886.82 1.4275
2459769.8835 7019939.27 2266351.77 1055.57 887.43 1.4273
2459769.883637 7011435.32 2266132.55 1055.56 887.2 1.4272
2459769.883778 7010234.12 2267237.99 1055.23 886.49 1.427
2459769.883919 7024540.92 2265902.05 1054.94 885.96 1.4269
2459769.884061 7011254.45 2265052.06 1055.79 885.87 1.4267
2459769.884202 7022803.32 2267213.32 1055.96 886.68 1.4266
2459769.884343 7027501.92 2265939.1 1055.93 886.45 1.4264
2459769.884486 7017262.82 2265343.07 1055.54 885.74 1.4263
2459769.884627 7015209.97 2264862.09 1054.99 885.8 1.4262
2459769.884767 7010374.53 2265815.8 1055.67 886.09 1.426
2459769.884909 7012639.53 2266046.25 1055.65 886.21 1.4259
2459769.88505 7005313.65 2266806.73 1055.7 885.76 1.4257
2459769.885191 7017275.54 2268165.36 1055.57 886.45 1.4256
2459769.885333 7018444.78 2267818.2 1055.53 886.32 1.4255
2459769.885474 7017784.51 2267001.9 1055.29 886.58 1.4253
2459769.885616 7013979.54 2267743.06 1054.71 886.73 1.4252
2459769.885758 7006333.92 2267956.02 1054.72 886.96 1.4251
2459769.885898 7011524.15 2268612.95 1054.69 887.18 1.4249
2459769.886039 6998425.78 2268440.24 1054.85 886.65 1.4248
2459769.886181 6996812.36 2267188.08 1055.34 886.56 1.4247
2459769.886322 6989146.79 2267053.7 1055.4 886.09 1.4246
2459769.886463 7000222.86 2268144.12 1055.54 886.05 1.4244
2459769.886605 6996100.9 2267842.67 1055.67 885.98 1.4243
2459769.886746 6999538.35 2266259.49 1055.56 886.83 1.4242
2459769.886887 7005358.06 2266162.43 1055.51 887.03 1.4241
2459769.887029 6996758.67 2267730.34 1055.37 886.02 1.424
2459769.88717 6999312.55 2267690.13 1055.06 886.1 1.4238
2459769.887312 6871617.79 2266281.29 1054.74 885.79 1.4237
2459769.887453 6265574.95 2265608.19 1055.34 885.99 1.4236
2459769.887594 5943635.87 2265641.89 1056.81 885.98 1.4235
2459769.887735 5748710.52 2263629.48 1059.51 885.76 1.4234
2459769.887877 5588773.7 2263494.1 1060.27 885.59 1.4233
2459769.888018 5566971.04 2265584.19 1061.41 885.96 1.4232
2459769.88816 5551036.98 2265058.16 1061.24 886.16 1.4231
2459769.888301 5512268.73 2266022.67 1061.5 886.04 1.423
2459769.888444 5495593.02 2266557.5 1061.79 885.09 1.4229
2459769.88859 5513196.13 2264418.95 1062.06 884.88 1.4227
2459769.888732 5489263.55 2265111.35 1062.1 885.81 1.4226
2459769.888871 5490290.71 2265171.95 1063.11 886.24 1.4225
2459769.88901 5505447.33 2264520.8 1064.04 886.48 1.4224
2459769.889151 5513357.01 2266676.22 1063.96 886.13 1.4223
2459769.88929 5515551.42 2265548.31 1063.76 886.27 1.4223
2459769.889433 5530546.19 2263801.84 1063.13 886.5 1.4222
2459769.889576 5515913.29 2263934.24 1062.09 886.84 1.4221
2459769.889717 5518516.82 2264577.97 1061.77 887.11 1.422
2459769.889862 5531688.29 2263581.41 1061.87 886.32 1.4219
2459769.890002 5509290.2 2264789.03 1062.39 886.28 1.4218
2459769.890138 5513813.92 2264498.72 1062.02 886.62 1.4217
2459769.890282 5545245.9 2264546.34 1061.89 886.72 1.4216
2459769.890424 5565787.27 2264468.96 1062.62 886.67 1.4215
2459769.890565 5587256.42 2264667.82 1062.08 886.72 1.4214
2459769.890706 5691134.28 2265490.59 1061.43 886.55 1.4214
2459769.890847 5877972.73 2266702.55 1061.1 885.96 1.4213
2459769.89099 6151376.51 2267720.17 1060.88 886.4 1.4212
2459769.89113 6798488.87 2268434.78 1062.8 885.72 1.4211
2459769.891269 7005088.88 2268320.77 1061.34 886.61 1.421
2459769.89141 7017546.48 2269660.66 1058.32 886.35 1.421
2459769.891552 7015836.68 2270126.44 1056.62 885.94 1.4209
2459769.891693 7015320.01 2270383.83 1055.83 886.43 1.4208
2459769.891834 7022551.2 2271472.16 1055.37 886.64 1.4207
2459769.891976 7025506.69 2271902.42 1055.0 887.28 1.4207
2459769.89212 7012078.77 2271794.53 1054.65 886.88 1.4206
2459769.892262 7022635.29 2271055.14 1055.02 887.39 1.4205
2459769.8924 7025411.0 2270718.6 1054.91 886.79 1.4205
2459769.892542 7020618.64 2270436.78 1055.32 886.77 1.4204
2459769.892684 7027478.01 2269711.56 1054.66 887.25 1.4203
2459769.892824 7025742.17 2268770.04 1054.92 886.66 1.4203
2459769.892965 7023567.52 2267394.84 1054.88 886.52 1.4202
2459769.893106 7039072.07 2269504.91 1054.84 887.0 1.4201
2459769.893249 7035636.04 2271401.38 1055.09 886.67 1.4201
2459769.893389 7036836.7 2269183.69 1054.87 886.87 1.42
2459769.89353 7039493.63 2270216.75 1055.42 887.09 1.42
2459769.893672 7034913.79 2270736.98 1055.32 886.57 1.4199
2459769.893818 7041522.81 2270845.65 1055.16 886.81 1.4199
2459769.893958 7047045.58 2270649.01 1055.38 886.78 1.4198
2459769.894096 7043032.39 2269397.01 1055.87 886.61 1.4198
2459769.894237 7030258.59 2271451.36 1055.65 886.53 1.4197
2459769.894379 7034114.08 2270449.92 1055.21 886.54 1.4197
2459769.89452 7036814.69 2271485.2 1055.22 886.87 1.4196
2459769.894661 7036242.81 2269186.67 1054.97 887.02 1.4196
2459769.894802 7047573.87 2269496.44 1055.87 886.35 1.4195
2459769.894944 7038257.27 2271152.76 1056.34 886.43 1.4195
2459769.895085 7044824.42 2270097.31 1055.53 886.1 1.4194
2459769.895226 7041320.46 2271120.28 1055.64 885.87 1.4194
2459769.895368 7044391.13 2270644.5 1056.27 886.21 1.4194
2459769.895509 7034942.29 2268731.83 1055.41 885.57 1.4193
2459769.895653 7031418.46 2270653.12 1055.48 885.99 1.4193
2459769.895794 7048577.27 2270897.59 1055.45 886.17 1.4192
2459769.895933 7039776.77 2270638.36 1055.6 885.61 1.4192
2459769.896074 7036820.75 2268836.21 1055.77 886.02 1.4192
2459769.896216 7031125.27 2270794.7 1056.08 886.14 1.4191
2459769.896357 7025778.56 2270373.48 1055.83 886.4 1.4191
2459769.896498 7040190.32 2269689.91 1055.94 886.58 1.4191
2459769.89664 7038657.12 2268080.55 1056.4 886.86 1.4191
2459769.896781 7039859.78 2267905.22 1056.02 887.15 1.419
2459769.896922 7037051.79 2266227.18 1055.74 886.81 1.419
2459769.897064 7046756.33 2265760.82 1055.96 887.03 1.419
2459769.897205 7034780.91 2266993.61 1056.05 886.36 1.419
2459769.897347 7042822.03 2268207.69 1055.18 886.79 1.4189
2459769.897488 7035088.75 2267620.85 1055.08 886.67 1.4189
2459769.897632 7035126.06 2266111.48 1055.07 886.09 1.4189
2459769.897774 7042126.35 2266967.98 1055.15 886.13 1.4189
2459769.897912 7036745.36 2267224.57 1054.93 885.86 1.4189
2459769.898053 7036870.41 2266967.57 1055.7 886.3 1.4189
2459769.898198 7038556.99 2266759.06 1056.03 886.48 1.4188
2459769.89834 7045546.15 2267206.96 1055.71 886.75 1.4188
2459769.89848 7039061.18 2267490.94 1056.16 886.9 1.4188
2459769.898618 7047133.86 2266857.88 1055.71 886.99 1.4188
2459769.89876 7044660.96 2267435.54 1055.56 887.09 1.4188
2459769.898901 7054881.02 2265600.88 1055.82 886.59 1.4188
2459769.899043 7041933.29 2264482.09 1056.32 886.54 1.4188
2459769.899184 7028219.32 2266629.25 1055.65 886.55 1.4188
2459769.899325 7044076.75 2266492.27 1055.86 886.56 1.4188
2459769.899466 7039325.2 2265564.72 1056.23 886.83 1.4188
2459769.899608 7027580.08 2268067.31 1055.56 887.0 1.4188
2459769.899749 7034059.78 2267404.79 1055.37 886.5 1.4188
2459769.89989 7039038.64 2267925.37 1055.15 886.72 1.4188
2459769.900032 7030343.77 2267339.5 1055.77 887.05 1.4188
2459769.900173 7030859.49 2268190.8 1056.51 886.1 1.4188
2459769.900321 7038335.72 2268102.87 1056.67 885.85 1.4188
2459769.90047 7046373.87 2268074.19 1056.32 886.04 1.4188
2459769.900607 7037942.31 2266813.09 1056.25 885.89 1.4188
2459769.90074 7035064.81 2267841.47 1056.23 886.46 1.4188
2459769.90088 7034351.88 2268296.0 1055.87 886.15 1.4189
2459769.90103 7030827.11 2267902.59 1056.17 885.99 1.4189
2459769.901172 7024029.07 2268988.95 1055.4 886.58 1.4189
2459769.901304 7027046.13 2268041.6 1055.32 886.45 1.4189
2459769.901445 7036262.28 2267089.84 1055.84 886.81 1.4189
2459769.901587 7026123.76 2267455.21 1056.47 887.12 1.4189
2459769.901728 7033159.17 2266839.48 1056.42 886.85 1.419
2459769.901871 7023228.68 2268815.79 1056.48 887.0 1.419
2459769.902013 7034981.07 2268908.18 1057.04 886.72 1.419
2459769.902152 7034588.2 2268061.21 1056.23 887.32 1.419
2459769.902297 7041658.6 2266331.85 1055.99 887.12 1.4191
2459769.902442 7036118.09 2267151.34 1056.51 886.74 1.4191
2459769.90258 7035955.59 2266487.87 1056.29 886.56 1.4191
2459769.902718 7037592.36 2266435.91 1055.76 886.32 1.4191
2459769.902859 7034969.67 2266813.41 1056.24 886.44 1.4192
2459769.903 7034863.61 2266547.65 1056.17 886.42 1.4192
2459769.903144 7032409.16 2268698.97 1055.99 886.37 1.4192
2459769.903286 7033918.13 2268436.44 1056.39 886.33 1.4193
2459769.903425 7037328.87 2266691.68 1056.77 886.23 1.4193
2459769.903566 7027562.5 2266369.41 1057.17 886.07 1.4193
2459769.903707 7044233.08 2267816.59 1056.68 886.23 1.4194
2459769.90385 7039029.92 2268394.09 1055.88 886.46 1.4194
2459769.903992 7031691.47 2268357.21 1055.87 887.11 1.4195
2459769.904132 7026752.93 2268525.18 1055.85 886.62 1.4195
2459769.904272 7035961.8 2267973.02 1056.4 886.78 1.4195
2459769.904416 7026709.84 2268439.84 1056.41 886.69 1.4196
2459769.904557 7017416.0 2266306.02 1056.64 886.54 1.4196
2459769.904696 7024128.56 2267558.49 1056.93 886.75 1.4197
2459769.904837 7020028.19 2265583.66 1057.01 887.53 1.4197
2459769.904979 7022691.95 2267096.76 1056.13 887.31 1.4198
2459769.90512 7014655.89 2267293.28 1055.96 886.85 1.4198
2459769.905261 7010221.82 2266260.36 1057.06 887.06 1.4199
2459769.905404 7028525.48 2266860.62 1057.31 886.04 1.42
2459769.905544 7028635.59 2267609.63 1057.44 885.95 1.42
2459769.905686 7017145.09 2265066.31 1056.41 886.86 1.4201
2459769.90583 7019922.0 2266823.7 1056.13 886.63 1.4201
2459769.905973 7012002.43 2267391.48 1056.13 886.6 1.4202
2459769.906116 7015874.52 2268310.65 1056.71 886.63 1.4202
2459769.906258 7014748.96 2267543.55 1056.93 887.07 1.4203
2459769.906396 7023809.36 2268812.71 1057.03 886.12 1.4204
2459769.906535 7009288.91 2269410.17 1056.29 885.63 1.4204
2459769.906675 7004747.29 2266730.89 1056.54 885.85 1.4205
2459769.906816 7014747.39 2267430.97 1057.0 886.61 1.4206
2459769.906957 7016132.43 2268271.97 1056.94 887.13 1.4206
2459769.907104 7006168.09 2266546.7 1057.56 887.08 1.4207
2459769.907245 7008586.17 2267084.71 1057.81 886.71 1.4208
2459769.907381 7000455.99 2267674.84 1057.23 886.43 1.4209
2459769.907524 7002161.09 2267141.64 1056.43 886.39 1.4209
2459769.907664 7010724.29 2266931.93 1056.26 886.63 1.421
2459769.907806 6996136.71 2266931.52 1056.58 886.49 1.4211
2459769.907948 7003014.89 2265387.61 1056.95 886.41 1.4212
2459769.90809 7014062.84 2267284.75 1057.11 886.38 1.4212
2459769.908233 6998282.52 2269018.21 1056.54 886.4 1.4213
2459769.908374 6995476.11 2267431.29 1057.16 886.24 1.4214
2459769.908512 6990888.03 2267390.83 1057.13 885.96 1.4215
2459769.908654 6979386.11 2265021.53 1056.46 886.15 1.4216
2459769.908795 7000672.27 2265486.1 1056.88 885.82 1.4217
2459769.908936 6987221.23 2266479.9 1057.14 886.36 1.4218
2459769.909084 6991696.89 2268073.4 1056.53 886.6 1.4218
2459769.909232 6999537.93 2266361.37 1056.48 887.12 1.4219
2459769.90937 6996022.11 2265868.29 1056.39 887.13 1.422
2459769.909506 6997847.06 2268399.04 1056.2 886.53 1.4221
2459769.909644 6998278.67 2269534.0 1056.17 886.91 1.4222
2459769.909784 6988768.46 2268122.01 1055.97 887.17 1.4223
2459769.90993 6977447.39 2267220.61 1056.8 886.8 1.4224
2459769.910072 6978912.67 2268011.72 1057.0 886.98 1.4225
2459769.910208 6949926.89 2268325.73 1056.57 886.82 1.4226
2459769.91035 6966031.4 2269248.43 1057.05 886.78 1.4227
2459769.910491 6951641.35 2269154.35 1057.0 886.68 1.4228
2459769.910632 6956418.5 2268662.16 1056.84 886.26 1.4229
2459769.910774 6956069.69 2268941.33 1057.36 885.88 1.423
2459769.910915 6949979.06 2268824.18 1057.38 886.45 1.4231
2459769.911059 6942187.84 2269593.3 1057.96 886.34 1.4232
2459769.9112 6947446.62 2268216.6 1058.53 886.24 1.4233
2459769.911339 6945629.17 2267945.24 1058.25 886.03 1.4235
2459769.91148 6950441.48 2267656.69 1057.46 886.24 1.4236
2459769.911622 6945754.87 2267121.6 1057.61 886.2 1.4237
2459769.911763 6927231.57 2269138.26 1057.36 886.19 1.4238
2459769.911904 6937591.03 2269005.96 1057.61 886.6 1.4239
2459769.912046 6926149.01 2268460.88 1058.19 886.66 1.424
2459769.912187 6926544.19 2269158.85 1058.04 886.71 1.4241
2459769.912331 6928828.73 2268648.2 1057.91 886.96 1.4243
2459769.912472 6902767.71 2267548.95 1058.42 887.03 1.4244
2459769.912614 6917375.44 2268835.54 1058.66 886.74 1.4245
2459769.912755 6911693.51 2269529.26 1058.15 886.87 1.4246
2459769.912894 6913059.21 2269938.77 1057.94 886.82 1.4248
2459769.913038 6903058.29 2269481.23 1058.41 886.55 1.4249
2459769.91318 6897843.46 2267406.31 1058.63 886.28 1.425
2459769.913318 6907780.26 2268558.24 1058.65 885.76 1.4252
2459769.913459 6916200.26 2267089.36 1058.98 885.88 1.4253
2459769.9136 6904896.42 2267354.63 1058.85 886.03 1.4254
2459769.913746 6929295.16 2267115.47 1058.73 885.52 1.4255
2459769.913887 6923950.57 2266400.37 1058.14 885.93 1.4257
2459769.914024 6910347.14 2265751.11 1057.8 886.35 1.4258
2459769.914166 6903938.05 2267572.19 1057.7 886.09 1.426
2459769.914307 6900476.19 2267279.49 1058.13 885.62 1.4261
2459769.914453 6888567.88 2266325.34 1057.73 885.9 1.4262
2459769.914597 6879857.54 2266253.18 1058.04 886.32 1.4264
2459769.914734 6891463.95 2267503.92 1058.07 886.19 1.4265
2459769.914872 6900302.85 2266563.85 1057.9 886.02 1.4267
2459769.915014 6902898.04 2267051.77 1058.38 885.86 1.4268
2459769.915156 6898764.21 2267721.46 1058.11 886.6 1.427
2459769.915297 6885989.13 2267008.36 1058.25 886.71 1.4271
2459769.91544 6859355.98 2266539.13 1057.99 886.69 1.4273
2459769.91558 6851024.88 2266727.44 1058.35 887.0 1.4274
2459769.91572 6875763.51 2268365.11 1058.27 886.85 1.4276
2459769.915862 6875374.49 2268103.89 1058.32 887.41 1.4277
2459769.916003 6865012.16 2266945.33 1058.12 887.12 1.4279
2459769.916144 6876502.42 2267869.94 1057.8 887.02 1.428
2459769.916286 6852008.74 2268341.99 1057.84 886.5 1.4282
2459769.916427 6840560.12 2268541.04 1057.96 886.42 1.4283
2459769.916506 6835688.92 2273650.4 1058.22 886.4 1.4284
