2459769.865829 12003419.99 7796938.99 1034.03 1344.67 1.4593
2459769.865971 12005304.47 7796555.92 1033.53 1345.58 1.459
2459769.866112 12007289.22 7795281.67 1034.6 1346.34 1.4587
2459769.866253 11997850.93 7797322.14 1035.54 1346.92 1.4583
2459769.866395 11991181.27 7795191.0 1036.8 1347.34 1.458
2459769.866536 12005601.19 7796411.33 1037.14 1347.62 1.4577
2459769.866677 12014502.34 7793750.3 1036.89 1347.21 1.4573
2459769.866819 12015981.67 7791820.36 1036.75 1346.8 1.457
2459769.86696 12031073.16 7794066.14 1036.45 1346.53 1.4567
2459769.867101 12048249.26 7793455.19 1036.3 1346.26 1.4564
2459769.867243 12032307.67 7796504.15 1036.14 1345.65 1.4561
2459769.867384 12039384.94 7797293.63 1035.85 1345.3 1.4557
2459769.867525 12014194.15 7792199.02 1035.53 1345.63 1.4554
2459769.867667 12006881.03 7796653.24 1035.58 1345.98 1.4551
2459769.867808 12018492.12 7791051.15 1036.25 1345.93 1.4548
2459769.867949 12029359.18 7796219.98 1036.5 1346.06 1.4545
2459769.868091 12050852.66 7798296.3 1035.74 1345.78 1.4542
2459769.868232 12046610.44 7797971.37 1035.61 1346.06 1.4539
2459769.868373 12038405.02 7797058.97 1035.33 1346.04 1.4536
2459769.868515 12041600.64 7795514.39 1034.95 1345.9 1.4533
2459769.868656 12062464.1 7798640.64 1034.76 1346.14 1.453
2459769.868797 12043882.42 7800249.13 1034.45 1346.06 1.4527
2459769.868939 12038219.97 7795501.34 1034.22 1346.3 1.4524
2459769.86908 12032115.07 7794264.76 1034.14 1346.53 1.4521
2459769.869221 12032192.25 7797173.24 1034.03 1346.91 1.4518
2459769.869363 12037442.94 7794053.05 1034.11 1347.05 1.4515
2459769.869504 12036975.84 7795677.25 1034.43 1347.13 1.4512
2459769.869645 12046923.62 7797794.51 1034.74 1346.83 1.4509
2459769.869787 12048775.88 7792999.62 1035.2 1346.85 1.4506
2459769.869928 12037414.58 7794289.69 1034.9 1346.97 1.4503
2459769.870069 12041074.16 7798631.14 1034.27 1347.11 1.45
2459769.870211 12034385.96 7800467.37 1034.04 1346.84 1.4497
2459769.870352 12037788.57 7801371.34 1033.22 1347.07 1.4495
2459769.870493 12039340.71 7801235.29 1032.96 1346.9 1.4492
2459769.870635 12051246.96 7799918.22 1033.29 1347.19 1.4489
2459769.870776 12046958.45 7801334.72 1033.65 1347.23 1.4486
2459769.870918 12056078.5 7800702.66 1034.43 1346.92 1.4483
2459769.871059 12039640.14 7797203.44 1034.75 1347.21 1.448
2459769.8712 12047001.12 7801649.14 1034.68 1347.14 1.4478
2459769.871342 12053794.57 7802569.56 1034.88 1347.11 1.4475
2459769.871483 12055041.19 7799545.35 1034.79 1347.06 1.4472
2459769.871624 12055492.59 7808387.0 1034.61 1347.19 1.447
2459769.871766 12048561.55 7805762.26 1034.7 1347.1 1.4467
2459769.871907 12023333.74 7803508.32 1034.46 1347.85 1.4464
2459769.872048 12042159.06 7802396.54 1034.38 1347.92 1.4461
2459769.87219 12053506.3 7805809.94 1034.0 1348.08 1.4459
2459769.872331 12061623.14 7803223.93 1033.53 1347.48 1.4456
2459769.872472 12051930.5 7805094.16 1033.43 1347.53 1.4454
2459769.872614 12051692.89 7803887.57 1033.23 1347.43 1.4451
2459769.872755 12068027.8 7800944.54 1033.39 1347.43 1.4448
2459769.872896 12058588.73 7802160.83 1033.12 1347.65 1.4446
2459769.873038 12069609.29 7800272.26 1033.51 1347.69 1.4443
2459769.873179 12088843.14 7804711.93 1033.55 1347.52 1.4441
2459769.87332 12086431.36 7802176.23 1033.38 1347.4 1.4438
2459769.873462 12085666.73 7795842.0 1033.13 1347.24 1.4435
2459769.873603 12067618.99 7800361.05 1033.34 1346.83 1.4433
2459769.873744 12064901.93 7790323.46 1033.87 1346.54 1.443
2459769.873886 12077415.26 7792202.68 1033.77 1346.17 1.4428
2459769.874027 12081726.16 7791691.86 1033.58 1345.73 1.4426
2459769.874168 12086405.55 7796525.26 1032.95 1345.86 1.4423
2459769.87431 12077360.88 7794649.81 1032.72 1345.73 1.4421
2459769.874451 12072397.33 7797296.92 1032.2 1346.13 1.4418
2459769.874592 12073596.76 7796028.26 1032.2 1346.26 1.4416
2459769.874734 12077393.6 7802299.61 1032.38 1346.66 1.4413
2459769.874875 12066921.55 7797626.04 1032.71 1347.01 1.4411
2459769.875016 12065510.44 7792922.51 1032.78 1346.52 1.4409
2459769.875158 12076444.97 7799250.12 1033.14 1346.42 1.4406
2459769.875299 12076256.67 7803029.72 1032.74 1346.9 1.4404
2459769.87544 12076841.31 7800129.25 1032.3 1347.35 1.4402
2459769.875582 12084640.37 7796140.8 1031.66 1347.01 1.4399
2459769.875723 12076644.04 7794962.16 1032.1 1346.91 1.4397
2459769.875864 12084150.82 7796834.34 1032.2 1347.18 1.4395
2459769.876006 12100486.59 7801316.42 1032.41 1347.0 1.4392
2459769.876147 12091498.34 7798188.72 1032.73 1346.57 1.439
2459769.876288 12079480.56 7796516.91 1032.92 1346.64 1.4388
2459769.87643 12094893.31 7801270.88 1032.51 1346.84 1.4386
2459769.876571 12082171.08 7801092.28 1032.52 1346.35 1.4383
2459769.876712 12102804.41 7807698.16 1032.49 1345.97 1.4381
2459769.876854 12108097.17 7804057.44 1032.56 1346.3 1.4379
2459769.876995 12105759.04 7804910.23 1032.66 1347.17 1.4377
2459769.877136 12104539.23 7801607.24 1032.32 1347.58 1.4375
2459769.877278 12102090.35 7796632.79 1031.84 1347.48 1.4373
2459769.877419 12122009.34 7797926.33 1031.92 1347.22 1.437
2459769.87756 12116734.23 7798807.77 1032.16 1346.82 1.4368
2459769.877702 12114349.38 7794432.65 1032.27 1346.75 1.4366
2459769.877843 12134109.02 7800243.09 1031.93 1346.79 1.4364
2459769.877984 12121438.38 7800430.18 1031.91 1346.45 1.4362
2459769.878126 12132418.47 7803263.65 1031.86 1346.23 1.436
2459769.878267 12127023.37 7802585.62 1031.94 1346.33 1.4358
2459769.878408 12143624.7 7800882.41 1032.05 1346.56 1.4356
2459769.87855 12137990.29 7803465.23 1031.82 1346.92 1.4354
2459769.878691 12125488.87 7801424.06 1031.64 1347.3 1.4352
2459769.878832 12117989.77 7795480.98 1031.77 1347.52 1.435
2459769.878974 12118408.77 7796007.98 1031.94 1347.82 1.4348
2459769.879115 12121492.65 7796184.8 1032.18 1348.17 1.4346
2459769.879256 12126402.29 7796672.35 1031.7 1347.87 1.4344
2459769.879398 12120529.55 7798103.6 1031.88 1348.14 1.4342
2459769.879539 12111077.65 7794603.92 1031.86 1348.04 1.434
2459769.87968 12129353.68 7798288.21 1032.8 1347.81 1.4338
2459769.879822 12140483.34 7798863.84 1033.15 1348.18 1.4336
2459769.879963 12130829.81 7800960.0 1033.02 1348.01 1.4335
2459769.880104 12132215.92 7801762.18 1032.86 1347.77 1.4333
2459769.880246 12129447.53 7802167.21 1032.79 1348.25 1.4331
2459769.880387 12122492.22 7798757.19 1032.26 1348.72 1.4329
2459769.880528 12135581.61 7800354.36 1031.48 1348.55 1.4327
2459769.88067 12142959.94 7798318.75 1031.41 1348.32 1.4325
2459769.880811 12155306.98 7799689.49 1030.83 1347.7 1.4324
2459769.880953 12137601.65 7797795.56 1031.22 1347.26 1.4322
2459769.881094 12142201.93 7799204.98 1031.13 1346.72 1.432
2459769.881235 12153518.82 7803877.48 1030.68 1346.37 1.4318
2459769.881377 12147907.9 7802557.03 1031.02 1346.16 1.4317
2459769.881518 12155405.92 7798661.38 1031.27 1346.05 1.4315
2459769.881659 12151632.43 7800659.84 1031.25 1345.45 1.4313
2459769.881801 12150207.9 7800593.93 1031.23 1345.43 1.4311
2459769.881942 12153121.91 7799041.47 1030.98 1345.44 1.431
2459769.882083 12149263.06 7802944.15 1031.31 1345.29 1.4308
2459769.882225 12147235.36 7803725.52 1031.2 1345.19 1.4306
2459769.882366 12151579.98 7800653.52 1031.22 1344.85 1.4305
2459769.882507 12167794.45 7803422.08 1030.88 1344.74 1.4303
2459769.882649 12177233.92 7802007.69 1030.95 1344.62 1.4302
2459769.88279 12165474.29 7805824.11 1030.7 1344.66 1.43
2459769.882931 12156453.25 7801020.26 1031.12 1345.09 1.4298
2459769.883073 12134793.59 7798745.08 1031.09 1345.16 1.4297
2459769.883214 12152952.62 7798026.88 1031.18 1345.48 1.4295
2459769.883355 12151073.54 7800189.53 1031.3 1345.56 1.4294
2459769.883497 12166869.34 7799094.02 1031.61 1345.37 1.4292
2459769.883638 12178102.46 7808562.01 1031.63 1345.35 1.4291
2459769.883779 12168429.83 7803001.88 1031.37 1345.77 1.4289
2459769.883921 12185249.83 7803635.88 1031.15 1346.62 1.4288
2459769.884062 12166865.27 7798549.46 1031.35 1347.3 1.4286
2459769.884203 12178485.29 7797822.96 1031.53 1346.82 1.4285
2459769.884345 12186861.76 7796217.69 1031.53 1347.04 1.4283
2459769.884486 12177328.7 7794208.41 1031.21 1347.35 1.4282
2459769.884627 12172539.82 7801890.67 1030.75 1347.55 1.428
2459769.884769 12162413.11 7797485.0 1031.15 1347.53 1.4279
2459769.88491 12170505.8 7796129.56 1031.16 1347.08 1.4278
2459769.885051 12167875.14 7797059.93 1031.23 1347.14 1.4276
2459769.885193 12185492.44 7799524.95 1031.14 1346.76 1.4275
2459769.885334 12180382.98 7801849.73 1031.14 1346.88 1.4273
2459769.885475 12181173.52 7794637.61 1030.95 1346.66 1.4272
2459769.885617 12181274.53 7797872.35 1030.83 1346.53 1.4271
2459769.885758 12182161.97 7800782.93 1030.62 1346.34 1.427
2459769.885899 12185238.05 7804169.74 1030.37 1346.16 1.4268
2459769.886041 12173468.36 7805345.29 1030.29 1346.06 1.4267
2459769.886182 12161700.23 7802481.4 1030.52 1346.15 1.4266
2459769.886323 12157692.68 7804352.68 1030.97 1346.58 1.4264
2459769.886465 12166073.75 7804061.52 1031.49 1346.62 1.4263
2459769.886606 12169657.63 7807291.81 1031.64 1346.68 1.4262
2459769.886747 12172558.42 7802684.55 1031.57 1346.5 1.4261
2459769.886889 12159183.52 7792233.14 1031.55 1346.32 1.426
2459769.88703 12168191.59 7799032.82 1031.46 1346.64 1.4258
2459769.887171 12175573.68 7795751.79 1031.21 1346.58 1.4257
2459769.887313 12036066.44 7800067.31 1030.96 1346.85 1.4256
2459769.887454 11418435.65 7796534.17 1031.29 1347.13 1.4255
2459769.887595 11087311.24 7793316.26 1032.52 1347.2 1.4254
2459769.887737 10866999.35 7791998.99 1034.89 1347.39 1.4253
2459769.887878 10731546.13 7791066.01 1036.56 1347.51 1.4251
2459769.888019 10701924.47 7788191.78 1038.41 1347.18 1.425
2459769.888161 10700303.36 7793143.19 1039.16 1347.0 1.4249
2459769.888302 10644420.05 7790481.1 1039.94 1346.61 1.4248
2459769.888443 10633121.44 7790174.8 1040.76 1347.14 1.4247
2459769.888585 10653230.0 7794465.48 1041.29 1347.26 1.4246
2459769.888726 10626731.85 7794253.21 1041.8 1346.93 1.4245
2459769.888868 10628814.26 7790787.9 1043.07 1346.81 1.4244
2459769.889009 10639068.24 7784579.55 1044.18 1346.39 1.4243
2459769.88915 10646404.11 7781799.83 1044.7 1346.43 1.4242
2459769.889291 10659113.0 7787094.61 1044.68 1346.1 1.4241
2459769.889433 10674917.76 7793139.43 1044.31 1345.7 1.424
2459769.889574 10658311.02 7788752.27 1043.63 1345.48 1.4239
2459769.889716 10657355.25 7791928.31 1043.33 1345.31 1.4238
2459769.889857 10677195.87 7796375.26 1042.89 1345.52 1.4237
2459769.889998 10645393.41 7791798.2 1043.06 1345.59 1.4236
2459769.89014 10654968.06 7792342.12 1042.72 1345.38 1.4236
2459769.890281 10692294.89 7790380.39 1042.84 1345.36 1.4235
2459769.890422 10700928.53 7792351.2 1043.16 1345.46 1.4234
2459769.890564 10730377.62 7793281.83 1042.68 1345.5 1.4233
2459769.890705 10849016.75 7793136.89 1042.39 1345.74 1.4232
2459769.890846 11019288.76 7797563.54 1041.86 1346.35 1.4231
2459769.890988 11291824.81 7801021.28 1041.7 1346.36 1.4231
2459769.891129 11963140.29 7802469.44 1042.83 1346.91 1.423
2459769.89127 12184945.3 7803774.14 1041.75 1346.68 1.4229
2459769.891412 12198290.33 7805214.27 1039.04 1346.92 1.4228
2459769.891553 12194390.85 7803575.14 1036.41 1347.32 1.4227
2459769.891694 12187041.13 7805703.46 1034.48 1347.14 1.4227
2459769.891836 12198355.07 7807657.86 1032.96 1346.62 1.4226
2459769.891977 12198698.45 7804903.69 1032.25 1346.06 1.4225
2459769.892118 12172570.46 7799966.95 1031.56 1345.86 1.4225
2459769.89226 12187262.43 7799850.15 1031.27 1345.79 1.4224
2459769.892401 12186620.61 7803437.59 1031.16 1346.12 1.4223
2459769.892542 12183383.74 7800940.87 1030.9 1346.18 1.4222
2459769.892684 12197677.06 7805046.17 1030.65 1345.79 1.4222
2459769.892825 12197356.9 7803985.99 1030.62 1346.13 1.4221
2459769.892966 12183884.44 7800487.62 1030.32 1346.31 1.4221
2459769.893108 12196475.24 7797950.15 1030.01 1345.93 1.422
2459769.893249 12204710.19 7802246.28 1029.97 1346.05 1.4219
2459769.89339 12199288.21 7800794.34 1030.47 1345.92 1.4219
2459769.893532 12200914.21 7803539.45 1030.7 1346.13 1.4218
2459769.893673 12199825.77 7801325.39 1030.95 1346.06 1.4218
2459769.893814 12210059.17 7806205.46 1031.14 1345.91 1.4217
2459769.893956 12210333.63 7806401.08 1031.32 1346.35 1.4217
2459769.894097 12203418.44 7803364.53 1031.74 1346.57 1.4216
2459769.894238 12195916.81 7804225.88 1031.51 1346.71 1.4216
2459769.89438 12193848.61 7801436.05 1031.09 1346.78 1.4215
2459769.894521 12200944.89 7807555.19 1031.06 1346.56 1.4215
2459769.894662 12205064.6 7806406.47 1030.8 1346.5 1.4214
2459769.894804 12207561.91 7807063.07 1031.33 1346.59 1.4214
2459769.894945 12202068.49 7806757.84 1031.71 1346.6 1.4213
2459769.895086 12210081.13 7808034.25 1031.56 1346.99 1.4213
2459769.895228 12208466.35 7810448.11 1031.62 1347.29 1.4212
2459769.895369 12199670.24 7804874.35 1032.15 1347.3 1.4212
2459769.89551 12190082.38 7811949.5 1031.58 1347.61 1.4212
2459769.895652 12190761.63 7808354.91 1031.6 1347.56 1.4211
2459769.895793 12188221.13 7805377.38 1031.55 1347.73 1.4211
2459769.895934 12181337.56 7804047.14 1031.65 1347.98 1.4211
2459769.896076 12179318.66 7803896.97 1031.77 1347.94 1.421
2459769.896217 12181633.03 7806524.44 1032.0 1347.57 1.421
2459769.896358 12176341.81 7804364.93 1031.98 1347.07 1.421
2459769.8965 12180682.71 7804680.91 1032.03 1346.65 1.4209
2459769.896641 12170363.16 7800441.78 1032.03 1346.49 1.4209
2459769.896782 12174122.18 7799909.74 1031.88 1346.32 1.4209
2459769.896924 12180045.82 7805386.35 1032.18 1346.13 1.4209
2459769.897065 12180400.05 7799358.4 1031.97 1346.03 1.4208
2459769.897206 12181963.17 7801851.89 1031.99 1346.13 1.4208
2459769.897348 12179053.36 7804197.99 1031.76 1345.84 1.4208
2459769.897489 12172983.13 7803119.44 1031.62 1346.4 1.4208
2459769.89763 12173998.49 7804856.02 1031.56 1347.02 1.4207
2459769.897772 12183292.04 7803049.67 1031.58 1346.73 1.4207
2459769.897913 12176493.47 7802462.34 1031.33 1347.08 1.4207
2459769.898054 12171029.53 7804549.98 1031.36 1347.03 1.4207
2459769.898196 12176758.77 7804601.57 1031.6 1346.61 1.4207
2459769.898337 12175069.69 7798682.59 1031.86 1346.46 1.4207
2459769.898478 12165919.39 7797755.55 1032.2 1346.43 1.4207
2459769.89862 12167790.85 7797181.5 1031.98 1346.45 1.4207
2459769.898761 12166366.45 7793503.99 1031.79 1346.46 1.4206
2459769.898902 12185304.18 7803659.32 1031.95 1346.42 1.4206
2459769.899044 12160008.75 7797834.79 1032.33 1346.57 1.4206
2459769.899185 12153899.03 7797600.3 1031.91 1346.66 1.4206
2459769.899326 12159926.94 7793562.91 1032.04 1346.75 1.4206
2459769.899468 12159240.14 7795556.38 1031.94 1346.6 1.4206
2459769.899609 12147601.36 7795488.86 1031.88 1346.55 1.4206
2459769.89975 12150668.97 7795770.57 1031.63 1346.51 1.4206
2459769.899892 12157677.52 7796758.91 1031.36 1346.42 1.4206
2459769.900033 12139080.61 7793976.3 1031.84 1346.21 1.4206
2459769.900175 12149229.62 7797417.7 1032.43 1346.57 1.4206
2459769.900316 12150779.08 7801735.57 1032.8 1346.89 1.4207
2459769.900457 12172304.61 7803033.42 1032.67 1347.43 1.4207
2459769.900599 12155271.44 7793779.48 1032.74 1347.32 1.4207
2459769.90074 12153269.44 7798429.08 1032.9 1347.15 1.4207
2459769.900881 12152066.72 7798383.12 1032.75 1347.19 1.4207
2459769.901023 12146591.51 7798449.22 1032.59 1347.07 1.4207
2459769.901164 12132042.24 7794331.54 1032.03 1346.87 1.4207
2459769.901305 12136528.91 7792753.6 1031.53 1347.09 1.4207
2459769.901447 12143233.89 7793375.98 1031.91 1346.52 1.4208
2459769.901588 12142054.45 7798063.86 1032.4 1346.35 1.4208
2459769.901729 12136442.76 7795770.8 1032.5 1346.12 1.4208
2459769.901871 12138994.03 7799790.26 1032.72 1346.09 1.4208
2459769.902012 12145811.84 7797167.67 1033.38 1345.86 1.4208
2459769.902153 12146170.45 7798046.74 1033.06 1345.78 1.4209
2459769.902295 12149598.18 7799272.67 1032.64 1345.84 1.4209
2459769.902436 12141641.45 7796172.85 1032.66 1346.07 1.4209
2459769.902577 12138314.8 7798028.0 1032.62 1346.35 1.4209
2459769.902719 12141971.69 7798896.17 1032.32 1346.69 1.421
2459769.90286 12140437.66 7797941.24 1032.32 1346.7 1.421
2459769.903001 12139538.29 7794120.49 1032.42 1346.84 1.421
2459769.903143 12138111.43 7797201.71 1032.42 1347.0 1.4211
2459769.903284 12147291.7 7799473.87 1032.33 1346.81 1.4211
2459769.903425 12145891.9 7796257.5 1032.84 1347.02 1.4211
2459769.903567 12142769.16 7803226.59 1033.36 1346.93 1.4212
2459769.903708 12144977.76 7803180.04 1033.32 1346.9 1.4212
2459769.903849 12148625.81 7804470.77 1032.41 1346.81 1.4213
2459769.903991 12149792.41 7804993.22 1031.96 1346.35 1.4213
2459769.904132 12142904.24 7802352.3 1031.84 1346.33 1.4213
2459769.904273 12141490.71 7799029.09 1032.24 1346.31 1.4214
2459769.904415 12131197.06 7795707.74 1032.41 1346.51 1.4214
2459769.904556 12125037.9 7794197.44 1032.78 1346.76 1.4215
2459769.904697 12119440.93 7789336.63 1033.19 1346.68 1.4215
2459769.904839 12133675.51 7802564.38 1033.05 1346.1 1.4216
2459769.90498 12124243.08 7798781.09 1032.64 1345.83 1.4216
2459769.905121 12108628.23 7793340.67 1032.63 1346.12 1.4217
2459769.905263 12111661.1 7792096.37 1033.16 1346.05 1.4217
2459769.905404 12121956.41 7795728.49 1033.76 1346.5 1.4218
2459769.905545 12135277.19 7800018.75 1034.27 1346.7 1.4219
2459769.905687 12120269.97 7794308.31 1033.4 1346.6 1.4219
2459769.905828 12117384.64 7792044.62 1032.95 1346.94 1.422
2459769.905969 12108687.28 7794459.77 1033.1 1347.12 1.422
2459769.906111 12111376.62 7792398.48 1033.39 1346.89 1.4221
2459769.906252 12115279.34 7795720.73 1033.37 1346.61 1.4222
2459769.906393 12122515.46 7796011.75 1033.24 1347.01 1.4222
2459769.906535 12113600.34 7800820.3 1032.97 1347.23 1.4223
2459769.906676 12094200.65 7795267.78 1033.37 1347.36 1.4224
2459769.906817 12110846.98 7791683.85 1033.58 1347.02 1.4224
2459769.906959 12115011.94 7793427.11 1033.91 1346.31 1.4225
2459769.9071 12117498.36 7796381.29 1034.23 1345.89 1.4226
2459769.907241 12109289.75 7794191.68 1034.46 1346.1 1.4226
2459769.907383 12107666.7 7795338.48 1033.98 1346.47 1.4227
2459769.907524 12105672.03 7792568.48 1033.66 1346.62 1.4228
2459769.907666 12115319.91 7795585.95 1033.29 1346.53 1.4229
2459769.907807 12094316.92 7793138.93 1033.37 1346.77 1.4229
2459769.907948 12105375.42 7790911.31 1033.5 1346.96 1.423
2459769.90809 12118015.77 7794521.31 1033.43 1347.11 1.4231
2459769.908231 12102484.04 7794474.05 1033.3 1346.87 1.4232
2459769.908372 12094611.42 7791239.23 1033.65 1347.13 1.4233
2459769.908514 12089657.5 7788742.26 1034.0 1347.16 1.4233
2459769.908655 12086030.88 7791974.32 1033.45 1347.35 1.4234
2459769.908796 12095675.7 7792221.88 1033.61 1347.43 1.4235
2459769.908938 12096501.52 7796771.53 1033.64 1347.3 1.4236
2459769.909079 12100773.3 7794911.35 1033.5 1346.89 1.4237
2459769.90922 12102441.82 7793539.08 1033.21 1346.55 1.4238
2459769.909362 12100003.66 7789701.34 1032.99 1346.09 1.4239
2459769.909503 12102967.03 7791065.37 1032.94 1346.19 1.424
2459769.909644 12097268.29 7791506.67 1033.05 1345.97 1.4241
2459769.909786 12100784.34 7790818.57 1032.67 1346.21 1.4242
2459769.909927 12088395.59 7791920.1 1032.93 1346.11 1.4243
2459769.910068 12091171.82 7793628.52 1033.26 1346.03 1.4244
2459769.91021 12064344.52 7793668.48 1033.27 1346.28 1.4245
2459769.910351 12080953.04 7793197.78 1033.49 1346.43 1.4246
2459769.910492 12067900.31 7794753.71 1033.85 1346.63 1.4247
2459769.910634 12069535.61 7795411.76 1034.1 1347.12 1.4248
2459769.910775 12058980.98 7792050.38 1033.99 1347.24 1.4249
2459769.910916 12062705.64 7790645.65 1034.41 1347.07 1.425
2459769.911058 12054694.22 7792528.69 1034.93 1346.94 1.4251
2459769.911199 12063303.02 7790411.12 1035.48 1347.14 1.4252
2459769.91134 12058209.22 7788375.32 1035.48 1347.11 1.4253
2459769.911482 12048713.86 7787351.03 1035.03 1346.7 1.4254
2459769.911623 12045651.14 7790340.97 1034.86 1346.84 1.4255
2459769.911764 12039726.43 7790951.64 1034.68 1346.95 1.4257
2459769.911906 12046646.78 7788898.79 1034.93 1346.7 1.4258
2459769.912047 12035071.49 7787405.47 1035.49 1346.74 1.4259
2459769.912188 12050002.06 7789713.54 1035.64 1346.8 1.426
2459769.91233 12053282.9 7788535.06 1035.79 1346.69 1.4261
2459769.912471 12034064.65 7788378.22 1035.93 1346.73 1.4263
2459769.912612 12051560.74 7787370.81 1036.35 1346.54 1.4264
2459769.912754 12045624.5 7788184.81 1035.8 1346.54 1.4265
2459769.912895 12038227.4 7783668.55 1035.88 1346.69 1.4266
2459769.913036 12034948.15 7784620.62 1035.99 1347.03 1.4268
2459769.913178 12043936.6 7788084.28 1036.41 1347.07 1.4269
2459769.913319 12032586.88 7791077.78 1036.31 1347.33 1.427
2459769.91346 12037337.8 7787937.94 1036.56 1347.54 1.4272
2459769.913602 12040302.95 7787223.06 1036.4 1347.74 1.4273
2459769.913743 12044338.79 7785990.93 1036.19 1347.98 1.4274
2459769.913884 12056360.52 7785793.05 1035.6 1347.95 1.4276
2459769.914026 12053158.17 7788915.46 1035.59 1347.91 1.4277
2459769.914167 12062931.45 7794454.54 1035.16 1347.94 1.4278
2459769.914308 12036457.04 7788387.39 1035.21 1348.14 1.428
2459769.91445 12037386.41 7792178.07 1035.13 1347.89 1.4281
2459769.914591 12036043.11 7789190.86 1035.12 1347.83 1.4283
2459769.914732 12047151.95 7789660.83 1035.37 1347.74 1.4284
2459769.914874 12037248.36 7793028.19 1035.46 1347.67 1.4286
2459769.915015 12043174.12 7789810.34 1035.55 1347.59 1.4287
2459769.915156 12048858.33 7783435.07 1035.6 1347.26 1.4288
2459769.915298 12035453.66 7783947.8 1035.95 1346.94 1.429
2459769.915439 12025539.7 7788215.21 1036.03 1347.04 1.4291
2459769.91558 12023932.73 7785735.46 1035.68 1346.55 1.4293
2459769.915722 12033530.42 7784415.78 1035.8 1346.27 1.4295
2459769.915863 12040992.69 7786740.32 1036.1 1345.87 1.4296
2459769.916004 12044919.54 7788206.77 1035.83 1346.03 1.4298
2459769.916146 12043381.38 7788758.92 1035.73 1345.71 1.4299
2459769.916287 12028638.69 7788770.15 1035.45 1346.08 1.4301
2459769.916423 12015113.45 7789131.8 1035.24 1346.23 1.4302
