2459769.865828 6824318.85 2253603.25 975.28 886.83 1.4572
2459769.865972 6821436.06 2251742.1 975.62 887.0 1.4569
2459769.866113 6821518.07 2253312.18 977.24 886.31 1.4566
2459769.866252 6817317.24 2254279.75 977.89 886.09 1.4563
2459769.866394 6806357.39 2254510.85 979.2 886.02 1.4559
2459769.866535 6829176.31 2255895.71 978.76 885.78 1.4556
2459769.866676 6826024.31 2255146.41 978.59 886.88 1.4553
2459769.866817 6844094.81 2253223.03 978.26 887.42 1.455
2459769.866962 6853881.19 2254606.98 977.79 887.56 1.4546
2459769.867104 6869466.37 2253986.91 978.15 887.69 1.4543
2459769.867241 6858034.57 2252491.58 977.86 888.21 1.454
2459769.867383 6848663.0 2253876.38 978.09 888.18 1.4537
2459769.867524 6843280.9 2251852.26 977.25 887.41 1.4534
2459769.867666 6833220.47 2249384.69 977.42 887.23 1.4531
2459769.867808 6856160.68 2253967.58 978.28 887.5 1.4528
2459769.867948 6844803.02 2255523.84 978.43 887.56 1.4525
2459769.868091 6864183.04 2254469.25 977.47 887.74 1.4521
2459769.868233 6868820.87 2253806.26 977.48 887.66 1.4518
2459769.868372 6863497.43 2255555.94 977.35 887.54 1.4515
2459769.868514 6861574.96 2254109.09 977.09 887.54 1.4512
2459769.868656 6870547.98 2254642.94 976.66 887.52 1.4509
2459769.868796 6869243.62 2253529.89 976.77 887.47 1.4506
2459769.868939 6859453.55 2252589.35 976.97 887.07 1.4503
2459769.86908 6861910.28 2254702.24 977.33 886.67 1.45
2459769.86922 6858406.72 2253303.11 976.98 886.75 1.4498
2459769.869364 6870232.29 2253137.96 977.5 887.11 1.4494
2459769.869506 6871830.98 2255464.7 977.67 886.51 1.4491
2459769.869646 6865134.67 2255508.79 977.8 886.96 1.4489
2459769.869785 6873956.86 2252182.81 978.08 887.44 1.4486
2459769.86993 6865362.2 2253050.28 977.28 887.18 1.4483
2459769.87007 6865881.07 2253714.36 976.38 886.9 1.448
2459769.87021 6868639.63 2252099.12 976.58 887.33 1.4477
2459769.870352 6869254.85 2253490.2 976.14 886.96 1.4474
2459769.870498 6861879.99 2252869.69 975.92 887.28 1.4471
2459769.87064 6875432.62 2251949.41 976.62 886.83 1.4469
2459769.870779 6865731.5 2251552.69 977.08 886.92 1.4466
2459769.870918 6877422.8 2251152.65 977.34 887.39 1.4463
2459769.871057 6869415.87 2252944.26 977.5 886.94 1.446
2459769.871199 6863205.59 2251837.28 977.22 887.15 1.4458
2459769.871342 6873986.45 2253809.37 977.26 886.67 1.4455
2459769.871484 6873406.37 2252195.92 976.96 886.86 1.4452
2459769.871623 6869502.55 2252648.1 977.23 886.85 1.445
2459769.871767 6867399.41 2252828.12 977.13 887.08 1.4447
2459769.871906 6845775.98 2252374.67 976.66 885.74 1.4444
2459769.872047 6858276.95 2252649.55 977.02 886.43 1.4442
2459769.872188 6867969.3 2252453.0 976.4 886.39 1.4439
2459769.87233 6888668.51 2253329.44 976.35 886.81 1.4436
2459769.872471 6869173.7 2252353.94 976.31 886.89 1.4434
2459769.872616 6869684.1 2251718.79 976.16 887.14 1.4431
2459769.87276 6884097.35 2252107.61 976.41 886.63 1.4428
2459769.872899 6876885.69 2252378.17 976.19 886.53 1.4426
2459769.873038 6885687.49 2250645.63 976.7 886.62 1.4423
2459769.873178 6893635.73 2253807.26 976.82 886.95 1.4421
2459769.873319 6890424.17 2252114.36 976.72 887.23 1.4418
2459769.87346 6897411.59 2251051.47 976.54 886.91 1.4416
2459769.873602 6887248.34 2252150.07 976.86 887.5 1.4413
2459769.873745 6886281.81 2252049.35 977.53 887.69 1.4411
2459769.873886 6896914.63 2253411.26 976.84 887.97 1.4408
2459769.874026 6900163.16 2253897.19 976.73 888.33 1.4406
2459769.874167 6902884.59 2254387.32 976.14 887.81 1.4403
2459769.87431 6898434.72 2254067.21 975.59 888.21 1.4401
2459769.874452 6891056.08 2254218.4 975.39 887.39 1.4398
2459769.874591 6898519.8 2252948.86 975.75 887.12 1.4396
2459769.874734 6888025.88 2255874.97 976.3 886.54 1.4394
2459769.874876 6887509.24 2254681.33 976.34 886.66 1.4391
2459769.875016 6887907.71 2254232.32 976.11 887.33 1.4389
2459769.875158 6890340.61 2252681.33 976.2 887.29 1.4387
2459769.8753 6883845.25 2253190.71 975.83 886.61 1.4384
2459769.875439 6890935.98 2253845.02 975.69 886.61 1.4382
2459769.87558 6896188.81 2254032.53 975.33 887.11 1.438
2459769.875722 6887397.97 2254842.13 975.77 886.69 1.4378
2459769.875863 6894891.39 2255578.97 976.22 886.88 1.4375
2459769.876004 6896697.42 2254007.28 976.12 887.19 1.4373
2459769.876146 6896693.16 2254100.03 976.15 887.12 1.4371
2459769.876293 6889327.82 2255142.54 975.98 886.84 1.4368
2459769.876442 6890063.62 2254762.14 975.89 887.19 1.4366
2459769.876578 6879660.73 2255606.03 976.24 887.57 1.4364
2459769.876712 6894177.69 2253727.5 975.88 887.81 1.4362
2459769.876852 6903329.88 2254588.41 976.3 887.66 1.436
2459769.876994 6899170.82 2254522.97 976.08 886.53 1.4358
2459769.877135 6905624.47 2254720.11 975.37 886.18 1.4355
2459769.877276 6899391.21 2254491.07 975.18 886.38 1.4353
2459769.87742 6910983.94 2257975.03 975.22 886.76 1.4351
2459769.877562 6902418.96 2258757.9 975.43 887.28 1.4349
2459769.8777 6902557.5 2259285.17 975.9 887.18 1.4347
2459769.877842 6916200.92 2257083.56 975.87 886.96 1.4345
2459769.877983 6907846.2 2255131.45 975.79 887.8 1.4343
2459769.878124 6908820.37 2255780.66 975.68 887.86 1.4341
2459769.878267 6903422.52 2253590.84 975.72 887.57 1.4339
2459769.878408 6917087.46 2253167.32 975.78 887.14 1.4337
2459769.878548 6907977.99 2253995.84 975.86 886.56 1.4335
2459769.87869 6906798.43 2254726.66 975.59 886.61 1.4333
2459769.878831 6896658.73 2255276.79 975.65 886.44 1.4331
2459769.878978 6896011.57 2255209.1 975.75 886.18 1.4329
2459769.879121 6903479.69 2255024.39 975.94 885.86 1.4327
2459769.879258 6908400.42 2256613.46 975.74 886.53 1.4325
2459769.879398 6896782.02 2256637.64 975.86 886.29 1.4323
2459769.879538 6900006.71 2255788.62 975.76 886.08 1.4321
2459769.879679 6913923.76 2254622.94 976.72 886.0 1.4319
2459769.87982 6915512.83 2254246.78 976.74 885.66 1.4317
2459769.879962 6901308.37 2253495.02 976.63 886.16 1.4315
2459769.880103 6896698.29 2253464.35 976.49 886.09 1.4314
2459769.880244 6904409.13 2254664.49 976.06 885.62 1.4312
2459769.880386 6894800.49 2253648.23 975.11 885.44 1.431
2459769.880527 6902614.4 2253272.89 974.56 885.97 1.4308
2459769.880668 6902796.98 2254031.77 975.07 886.56 1.4306
2459769.88081 6919302.88 2253562.9 974.34 886.91 1.4305
2459769.880951 6909153.92 2254334.68 974.96 887.44 1.4303
2459769.881092 6909938.8 2253367.15 975.47 887.44 1.4301
2459769.881234 6916390.34 2252502.22 974.89 887.62 1.4299
2459769.881375 6906129.39 2252396.39 975.46 887.63 1.4297
2459769.881517 6921074.43 2252795.81 975.66 887.54 1.4296
2459769.88166 6917353.93 2252536.68 975.57 887.99 1.4294
2459769.881803 6913775.48 2253241.44 975.48 888.18 1.4292
2459769.881943 6913889.54 2253591.49 975.13 887.69 1.4291
2459769.882082 6905900.29 2252665.56 975.02 888.03 1.4289
2459769.882223 6904372.15 2254344.93 974.83 887.65 1.4287
2459769.882365 6909386.24 2252247.87 975.46 888.18 1.4286
2459769.882506 6911867.36 2252930.81 975.03 888.2 1.4284
2459769.88265 6919687.61 2252226.66 974.64 888.24 1.4283
2459769.882792 6906579.77 2252246.75 974.56 888.1 1.4281
2459769.88293 6907336.14 2253666.9 975.22 887.53 1.4279
2459769.883072 6897350.1 2254012.8 975.1 887.65 1.4278
2459769.883214 6907705.09 2252231.86 975.12 887.46 1.4276
2459769.883358 6897774.19 2255310.51 975.18 887.52 1.4275
2459769.8835 6911718.0 2254951.44 975.44 887.88 1.4273
2459769.883637 6903511.61 2254245.7 975.37 888.06 1.4272
2459769.883778 6902900.35 2255375.65 974.99 887.11 1.427
2459769.883919 6917045.43 2255210.91 975.33 886.34 1.4269
2459769.884061 6902661.35 2253791.66 975.45 886.01 1.4267
2459769.884202 6914981.06 2255666.45 975.57 886.57 1.4266
2459769.884343 6918253.25 2253676.16 975.48 886.74 1.4264
2459769.884486 6908654.96 2253738.6 975.04 886.44 1.4263
2459769.884627 6906212.75 2253604.81 974.45 886.25 1.4262
2459769.884767 6905027.58 2254194.74 975.07 886.29 1.426
2459769.884909 6902969.04 2254319.03 975.0 886.8 1.4259
2459769.88505 6898031.31 2254609.81 974.99 886.76 1.4257
2459769.885191 6910824.4 2256437.09 975.48 887.19 1.4256
2459769.885333 6909168.74 2256049.76 975.39 886.81 1.4255
2459769.885474 6909699.3 2255543.71 975.1 887.46 1.4253
2459769.885616 6906578.05 2255744.22 974.48 887.36 1.4252
2459769.885758 6901307.78 2256331.77 974.44 887.33 1.4251
2459769.885898 6906421.4 2257416.34 974.36 887.29 1.4249
2459769.886039 6891788.5 2256747.03 974.46 887.16 1.4248
2459769.886181 6890995.66 2255240.73 974.9 886.82 1.4247
2459769.886322 6885163.0 2255896.66 975.57 886.75 1.4246
2459769.886463 6895254.26 2255943.63 975.65 887.1 1.4244
2459769.886605 6891765.85 2255867.74 975.72 886.77 1.4243
2459769.886746 6894210.95 2254268.0 975.56 887.36 1.4242
2459769.886887 6898393.54 2254148.48 975.46 887.3 1.4241
2459769.887029 6896616.77 2256189.44 975.26 886.69 1.424
2459769.88717 6895333.85 2255662.78 974.89 887.16 1.4238
2459769.887312 6767704.2 2255074.28 975.18 886.59 1.4237
2459769.887453 6159564.0 2253871.31 975.11 886.54 1.4236
2459769.887594 5831404.3 2253664.11 976.54 886.31 1.4235
2459769.887735 5618536.25 2252159.32 979.17 885.86 1.4234
2459769.887877 5497188.31 2251377.07 979.91 886.04 1.4233
2459769.888018 5458944.5 2253240.94 981.6 886.19 1.4232
2459769.88816 5450228.0 2252747.49 981.43 886.17 1.4231
2459769.888301 5400449.39 2253949.89 981.67 886.39 1.423
2459769.888444 5389271.36 2254797.37 981.95 885.79 1.4229
2459769.88859 5408769.05 2252327.65 982.21 885.92 1.4227
2459769.888732 5376291.16 2252949.57 982.22 886.62 1.4226
2459769.888871 5382130.73 2252494.51 983.2 886.82 1.4225
2459769.88901 5400354.39 2252058.92 984.1 887.4 1.4224
2459769.889151 5412657.32 2253967.76 983.98 886.83 1.4223
2459769.88929 5418249.46 2252935.36 983.76 887.31 1.4223
2459769.889433 5427572.29 2251209.46 983.1 887.32 1.4222
2459769.889576 5409634.52 2250935.6 982.06 887.44 1.4221
2459769.889717 5413409.95 2252058.98 981.73 887.49 1.422
2459769.889862 5427864.82 2251644.81 981.81 887.06 1.4219
2459769.890002 5401569.26 2252275.5 982.31 886.8 1.4218
2459769.890138 5409054.64 2251874.73 981.93 887.47 1.4217
2459769.890282 5456071.25 2251474.23 982.36 887.34 1.4216
2459769.890424 5450663.02 2252346.45 982.46 887.07 1.4215
2459769.890565 5479226.95 2252389.02 981.9 886.89 1.4214
2459769.890706 5596641.61 2252549.84 981.83 887.06 1.4214
2459769.890847 5754821.94 2254042.45 981.46 886.25 1.4213
2459769.89099 6047004.67 2255704.83 981.18 886.44 1.4212
2459769.89113 6693754.34 2255758.44 982.33 886.15 1.4211
2459769.891269 6898417.22 2255645.15 980.78 886.77 1.421
2459769.89141 6910186.87 2257832.09 978.37 886.9 1.421
2459769.891552 6904298.2 2257856.89 976.6 886.87 1.4209
2459769.891693 6906732.61 2258661.27 975.74 887.09 1.4208
2459769.891834 6914647.54 2259975.86 975.21 887.03 1.4207
2459769.891976 6915431.23 2260797.19 974.78 887.39 1.4207
2459769.89212 6902421.48 2260105.38 975.04 887.37 1.4206
2459769.892262 6916686.74 2259505.14 974.67 887.6 1.4205
2459769.8924 6917458.4 2258982.34 975.16 887.38 1.4205
2459769.892542 6915057.03 2258413.2 974.82 887.08 1.4204
2459769.892684 6919675.65 2258466.88 974.77 887.28 1.4203
2459769.892824 6916731.12 2256829.37 974.96 887.07 1.4203
2459769.892965 6915215.6 2256271.06 974.85 886.65 1.4202
2459769.893106 6930224.08 2257273.27 974.74 887.5 1.4201
2459769.893249 6926343.5 2259545.75 974.92 887.55 1.4201
2459769.893389 6928315.09 2257785.42 975.3 887.47 1.42
2459769.89353 6931913.92 2258186.86 975.1 887.41 1.42
2459769.893672 6925654.57 2259184.51 974.93 887.27 1.4199
2459769.893818 6932275.61 2259347.21 975.37 887.23 1.4199
2459769.893958 6939138.86 2259226.01 975.52 886.92 1.4198
2459769.894096 6930616.86 2257917.08 975.93 887.12 1.4198
2459769.894237 6922676.58 2260368.69 975.63 886.76 1.4197
2459769.894379 6928072.28 2258443.62 975.12 887.14 1.4197
2459769.89452 6926544.89 2259846.68 975.05 887.18 1.4196
2459769.894661 6928212.89 2257394.0 974.73 887.04 1.4196
2459769.894802 6937758.71 2258318.37 975.54 886.75 1.4195
2459769.894944 6927799.06 2258692.36 975.92 887.2 1.4195
2459769.895085 6934317.53 2258395.06 975.71 886.58 1.4194
2459769.895226 6929825.24 2258945.22 975.74 886.72 1.4194
2459769.895368 6934652.56 2258733.91 976.29 886.78 1.4194
2459769.895509 6920664.67 2257567.42 975.35 886.52 1.4193
2459769.895653 6919451.7 2259363.25 975.34 886.66 1.4193
2459769.895794 6937729.53 2259399.92 975.24 886.56 1.4192
2459769.895933 6926709.8 2259102.93 975.31 886.37 1.4192
2459769.896074 6924858.35 2256982.63 975.4 886.49 1.4192
2459769.896216 6922994.84 2258312.0 975.62 886.98 1.4191
2459769.896357 6916259.12 2257829.79 975.96 887.61 1.4191
2459769.896498 6928946.64 2257451.21 975.98 887.5 1.4191
2459769.89664 6929716.49 2256113.8 976.36 887.49 1.4191
2459769.896781 6926250.17 2255933.71 975.9 887.49 1.419
2459769.896922 6928146.61 2254207.81 976.21 887.52 1.419
2459769.897064 6937699.3 2254308.15 975.67 887.45 1.419
2459769.897205 6926607.26 2255143.43 975.67 887.15 1.419
2459769.897347 6933603.77 2256955.14 975.4 887.29 1.4189
2459769.897488 6923395.42 2255793.61 975.22 886.88 1.4189
2459769.897632 6924583.57 2254577.85 975.12 886.67 1.4189
2459769.897774 6930984.06 2255744.31 975.12 887.07 1.4189
2459769.897912 6925018.37 2255487.76 974.82 886.51 1.4189
2459769.898053 6925646.67 2255389.08 975.5 886.66 1.4189
2459769.898198 6929534.56 2254979.2 975.74 887.21 1.4188
2459769.89834 6935336.19 2255622.47 976.01 887.19 1.4188
2459769.89848 6928555.8 2255791.37 975.7 887.05 1.4188
2459769.898618 6939315.47 2255466.98 975.84 886.85 1.4188
2459769.89876 6934608.91 2255690.1 975.6 887.32 1.4188
2459769.898901 6944060.74 2253812.22 975.76 887.19 1.4188
2459769.899043 6933626.99 2252345.18 976.16 886.85 1.4188
2459769.899184 6920148.83 2254783.3 975.4 887.22 1.4188
2459769.899325 6933338.43 2254569.58 975.52 886.94 1.4188
2459769.899466 6928749.95 2253229.48 975.8 887.57 1.4188
2459769.899608 6919220.77 2256183.89 975.72 887.45 1.4188
2459769.899749 6923988.96 2255197.68 975.44 887.31 1.4188
2459769.89989 6932481.15 2255783.86 975.14 887.23 1.4188
2459769.900032 6921837.21 2255906.37 975.67 887.26 1.4188
2459769.900173 6923922.1 2255980.66 976.3 886.68 1.4188
2459769.900321 6930251.84 2256564.94 976.36 886.78 1.4188
2459769.90047 6936669.5 2256230.4 975.92 886.67 1.4188
2459769.900607 6928953.74 2255425.45 976.43 886.88 1.4188
2459769.90074 6922484.38 2255460.52 976.31 887.15 1.4188
2459769.90088 6924785.71 2256206.3 975.86 886.55 1.4189
2459769.90103 6921134.71 2254916.16 976.06 886.74 1.4189
2459769.901172 6917738.9 2257353.84 975.2 887.03 1.4189
2459769.901304 6917166.98 2256436.71 975.04 886.61 1.4189
2459769.901445 6928234.52 2254830.89 975.46 887.32 1.4189
2459769.901587 6918617.4 2255063.98 976.0 887.33 1.4189
2459769.901728 6924515.13 2254651.49 975.85 887.41 1.419
2459769.901871 6916783.51 2256692.3 976.5 887.26 1.419
2459769.902013 6925540.94 2256877.66 976.96 887.33 1.419
2459769.902152 6926221.34 2256578.77 976.73 887.63 1.419
2459769.902297 6930939.21 2254449.27 976.4 887.78 1.4191
2459769.902442 6923437.2 2254428.61 976.15 887.75 1.4191
2459769.90258 6924310.16 2254254.82 975.84 887.28 1.4191
2459769.902718 6928289.43 2254858.58 975.9 886.74 1.4191
2459769.902859 6924812.22 2254650.33 976.29 887.21 1.4192
2459769.903 6924872.25 2254189.09 976.12 886.89 1.4192
2459769.903144 6920135.65 2256550.1 975.85 887.19 1.4192
2459769.903286 6921469.7 2255937.62 976.15 886.85 1.4193
2459769.903425 6927060.97 2254389.32 976.42 887.1 1.4193
2459769.903566 6919410.38 2254220.65 976.72 886.64 1.4193
2459769.903707 6931777.3 2256061.39 976.79 887.14 1.4194
2459769.90385 6928075.45 2256448.7 975.91 887.07 1.4194
2459769.903992 6924004.94 2256665.01 975.81 887.41 1.4195
2459769.904132 6916455.19 2256140.28 975.69 887.26 1.4195
2459769.904272 6929464.7 2256391.34 976.14 887.11 1.4195
2459769.904416 6919267.66 2256384.88 976.06 886.72 1.4196
2459769.904557 6910519.52 2254508.69 976.18 886.91 1.4196
2459769.904696 6917240.59 2256062.06 976.36 887.46 1.4197
2459769.904837 6911570.52 2253332.86 976.35 887.93 1.4197
2459769.904979 6912712.25 2254862.45 976.04 888.05 1.4198
2459769.90512 6906850.17 2255219.0 975.79 887.29 1.4198
2459769.905261 6903540.27 2254860.69 976.79 887.19 1.4199
2459769.905404 6918451.76 2255026.6 977.59 886.52 1.42
2459769.905544 6917391.71 2255532.23 977.61 886.77 1.42
2459769.905686 6908924.7 2253126.75 976.51 887.37 1.4201
2459769.90583 6912547.33 2255287.3 976.14 886.83 1.4201
2459769.905973 6904347.26 2255506.45 976.03 887.14 1.4202
2459769.906116 6909165.68 2256484.34 976.5 886.86 1.4202
2459769.906258 6906740.94 2255654.97 976.6 887.63 1.4203
2459769.906396 6911839.12 2256366.79 976.59 887.02 1.4204
2459769.906535 6902264.89 2257672.56 976.44 886.23 1.4204
2459769.906675 6897863.35 2255158.87 976.6 886.15 1.4205
2459769.906816 6909565.79 2255417.88 976.96 886.6 1.4206
2459769.906957 6907190.83 2255967.05 977.45 887.44 1.4206
2459769.907104 6899212.86 2254714.3 977.28 887.72 1.4207
2459769.907245 6900010.65 2254856.93 977.4 887.68 1.4208
2459769.907381 6892761.26 2255520.88 976.73 887.1 1.4209
2459769.907524 6897475.92 2255552.49 976.52 886.75 1.4209
2459769.907664 6903954.4 2255011.12 976.24 887.32 1.421
2459769.907806 6890453.68 2254586.25 976.46 886.87 1.4211
2459769.907948 6894189.52 2253178.14 976.72 887.12 1.4212
2459769.90809 6903876.87 2255416.74 976.78 886.78 1.4212
2459769.908233 6891375.79 2256992.86 976.77 887.13 1.4213
2459769.908374 6889847.63 2255893.01 977.3 886.66 1.4214
2459769.908512 6882397.75 2255860.72 977.15 886.71 1.4215
2459769.908654 6877348.76 2252857.03 976.4 886.58 1.4216
2459769.908795 6893307.51 2253960.14 976.71 886.58 1.4217
2459769.908936 6885956.96 2254493.8 976.88 886.81 1.4218
2459769.909084 6886902.74 2256304.66 976.84 887.37 1.4218
2459769.909232 6897302.35 2254279.06 976.7 887.58 1.4219
2459769.90937 6888914.05 2254366.23 976.51 887.91 1.422
2459769.909506 6889741.76 2255429.69 976.22 887.63 1.4221
2459769.909644 6892264.96 2257226.42 976.1 887.7 1.4222
2459769.909784 6887676.03 2255344.93 975.83 887.64 1.4223
2459769.90993 6872602.41 2255220.1 976.54 887.58 1.4224
2459769.910072 6877834.51 2255918.53 976.66 887.44 1.4225
2459769.910208 6862743.87 2256710.98 976.82 886.97 1.4226
2459769.91035 6867975.42 2257533.1 977.19 887.25 1.4227
2459769.910491 6856530.6 2257533.01 977.09 886.83 1.4228
2459769.910632 6858232.52 2256543.39 976.84 886.72 1.4229
2459769.910774 6856802.59 2257388.06 977.25 886.65 1.423
2459769.910915 6851237.84 2257312.37 977.22 886.9 1.4231
2459769.911059 6837413.86 2257977.22 977.68 887.1 1.4232
2459769.9112 6852406.19 2256189.87 978.18 886.69 1.4233
2459769.911339 6845559.63 2256268.23 977.83 886.78 1.4235
2459769.91148 6848751.1 2255551.98 977.64 887.29 1.4236
2459769.911622 6847764.21 2255713.51 977.76 886.93 1.4237
2459769.911763 6825624.46 2257505.93 977.47 887.22 1.4238
2459769.911904 6841983.25 2257248.46 977.68 887.31 1.4239
2459769.912046 6835944.91 2256459.26 978.21 887.05 1.424
2459769.912187 6843707.86 2257366.52 978.06 886.78 1.4241
2459769.912331 6836570.73 2256729.39 977.88 887.33 1.4243
2459769.912472 6827437.57 2255422.39 978.35 887.08 1.4244
2459769.912614 6832060.85 2257381.92 978.52 887.08 1.4245
2459769.912755 6837190.38 2258468.52 978.09 886.88 1.4246
2459769.912894 6831382.62 2258048.88 977.88 887.11 1.4248
2459769.913038 6833536.01 2257792.66 978.35 886.53 1.4249
2459769.91318 6820576.07 2255918.92 978.53 886.54 1.425
2459769.913318 6825163.74 2256759.02 978.52 886.29 1.4252
2459769.913459 6841558.69 2255240.41 978.86 886.09 1.4253
2459769.9136 6844715.75 2255857.76 978.81 885.91 1.4254
2459769.913746 6842892.69 2255302.4 978.67 886.28 1.4255
2459769.913887 6850238.0 2254841.72 978.27 886.36 1.4257
2459769.914024 6842493.24 2254109.38 978.07 886.44 1.4258
2459769.914166 6836299.1 2255799.48 977.56 886.44 1.426
2459769.914307 6820172.74 2255645.01 977.99 886.23 1.4261
2459769.914453 6824202.44 2255265.17 978.34 886.18 1.4262
2459769.914597 6825619.92 2254077.03 978.25 886.27 1.4264
2459769.914734 6828712.98 2255830.63 978.38 886.4 1.4265
2459769.914872 6834306.26 2254792.5 978.38 886.49 1.4267
2459769.915014 6833759.84 2255292.27 978.42 886.59 1.4268
2459769.915156 6833315.27 2255021.92 978.44 886.98 1.427
2459769.915297 6813770.35 2254818.14 978.72 887.35 1.4271
2459769.91544 6810277.48 2255018.84 978.82 886.99 1.4273
2459769.91558 6798031.73 2254977.11 978.83 887.53 1.4274
2459769.91572 6808460.75 2256412.29 979.0 887.62 1.4276
2459769.915862 6817901.93 2255807.13 978.91 887.82 1.4277
2459769.916003 6809209.13 2255875.8 979.04 887.76 1.4279
2459769.916144 6811821.83 2256067.1 978.77 887.87 1.428
2459769.916286 6780689.43 2256230.28 978.75 887.55 1.4282
2459769.916427 6785804.9 2256064.03 978.89 887.11 1.4283
2459769.916506 6809258.26 2262479.38 979.14 886.74 1.4284
