2459769.865829 9966504.31 7731376.1 880.16 1343.92 1.4593
2459769.865971 9968499.14 7730068.35 879.64 1344.2 1.459
2459769.866112 9970875.52 7730073.43 880.14 1344.39 1.4587
2459769.866253 9963598.6 7730919.88 880.55 1344.68 1.4583
2459769.866395 9958235.95 7730220.67 881.39 1344.87 1.458
2459769.866536 9969783.84 7731169.88 881.63 1345.19 1.4577
2459769.866677 9973252.21 7728299.26 881.7 1344.86 1.4573
2459769.866819 9970690.0 7726568.12 881.6 1344.75 1.457
2459769.86696 9984975.42 7728088.25 881.39 1344.52 1.4567
2459769.867101 9990254.41 7729673.57 881.27 1344.3 1.4564
2459769.867243 9987530.23 7730427.33 881.14 1343.87 1.4561
2459769.867384 9986004.63 7730597.09 880.91 1343.6 1.4557
2459769.867525 9971372.71 7727642.67 880.67 1343.77 1.4554
2459769.867667 9972057.46 7732132.39 880.66 1343.95 1.4551
2459769.867808 9979100.68 7725624.63 881.04 1343.88 1.4548
2459769.867949 9983176.16 7730711.17 881.14 1343.93 1.4545
2459769.868091 9998456.18 7733061.67 880.59 1343.94 1.4542
2459769.868232 9991665.39 7732382.52 880.43 1344.09 1.4539
2459769.868373 9988788.34 7729859.68 880.17 1344.06 1.4536
2459769.868515 9987411.0 7729518.09 879.83 1343.95 1.4533
2459769.868656 10002924.11 7732907.95 879.62 1344.08 1.453
2459769.868797 9993537.97 7735476.22 879.33 1344.02 1.4527
2459769.868939 9988510.83 7730846.58 879.08 1344.16 1.4524
2459769.86908 9985454.35 7729415.14 878.93 1344.3 1.4521
2459769.869221 9988632.09 7731030.48 878.99 1344.54 1.4518
2459769.869363 9991037.5 7728623.53 879.15 1344.63 1.4515
2459769.869504 9989594.78 7730470.88 879.24 1344.9 1.4512
2459769.869645 9994718.35 7732671.17 879.31 1344.93 1.4509
2459769.869787 9995542.13 7728082.0 879.47 1344.95 1.4506
2459769.869928 9991943.51 7728860.23 879.36 1345.04 1.4503
2459769.870069 9993083.97 7732141.27 878.79 1344.93 1.45
2459769.870211 9992609.99 7735332.52 878.72 1344.99 1.4497
2459769.870352 9993254.78 7735958.02 878.25 1345.15 1.4495
2459769.870493 9992398.34 7734349.46 877.91 1345.07 1.4492
2459769.870635 9999909.18 7734218.96 877.94 1345.06 1.4489
2459769.870776 10000091.39 7736243.82 878.22 1345.11 1.4486
2459769.870918 10002880.46 7735139.94 878.53 1344.94 1.4483
2459769.871059 9993714.4 7731227.69 878.77 1345.16 1.448
2459769.8712 10000178.83 7735471.82 878.75 1345.16 1.4478
2459769.871342 10004818.11 7736469.1 878.9 1345.18 1.4475
2459769.871483 10003749.02 7734546.35 878.86 1345.19 1.4472
2459769.871624 10008654.22 7741131.47 878.76 1345.32 1.447
2459769.871766 10005073.23 7740596.63 878.81 1345.32 1.4467
2459769.871907 9990511.34 7738168.77 878.65 1345.84 1.4464
2459769.872048 10001421.37 7736755.6 878.59 1345.94 1.4461
2459769.87219 10010512.19 7740344.77 878.33 1346.11 1.4459
2459769.872331 10012341.52 7738069.61 878.0 1345.79 1.4456
2459769.872472 10008714.77 7738921.22 877.66 1345.89 1.4454
2459769.872614 10008496.35 7740186.82 877.49 1345.89 1.4451
2459769.872755 10013807.32 7737821.95 877.56 1345.96 1.4448
2459769.872896 10009448.18 7736326.45 877.33 1346.17 1.4446
2459769.873038 10012483.85 7734794.67 877.52 1346.05 1.4443
2459769.873179 10023564.13 7740154.6 877.47 1345.81 1.4441
2459769.87332 10021698.24 7737381.33 877.3 1345.82 1.4438
2459769.873462 10018340.38 7731939.85 877.06 1345.8 1.4435
2459769.873603 10010365.02 7736406.61 877.11 1345.62 1.4433
2459769.873744 10005651.91 7725815.2 877.35 1345.3 1.443
2459769.873886 10008931.6 7727700.59 877.18 1344.94 1.4428
2459769.874027 10015022.84 7725408.99 876.95 1344.76 1.4426
2459769.874168 10019092.61 7730924.76 876.66 1344.72 1.4423
2459769.87431 10015647.62 7730132.93 876.4 1344.53 1.4421
2459769.874451 10015398.57 7731514.79 875.94 1344.68 1.4418
2459769.874592 10015799.33 7731353.9 876.04 1344.88 1.4416
2459769.874734 10019993.38 7737394.04 876.02 1345.25 1.4413
2459769.874875 10011683.17 7732497.02 876.09 1345.37 1.4411
2459769.875016 10006770.66 7726413.4 875.98 1345.18 1.4409
2459769.875158 10021388.42 7733589.36 876.28 1345.02 1.4406
2459769.875299 10016842.78 7739104.58 876.08 1345.23 1.4404
2459769.87544 10017668.47 7735451.19 875.62 1345.43 1.4402
2459769.875582 10019767.43 7731434.93 875.26 1345.35 1.4399
2459769.875723 10014711.06 7729136.9 875.36 1345.42 1.4397
2459769.875864 10020684.44 7732723.01 875.46 1345.51 1.4395
2459769.876006 10034889.25 7736272.99 875.63 1345.54 1.4392
2459769.876147 10025046.93 7733892.7 875.86 1345.41 1.439
2459769.876288 10015768.11 7730491.94 876.0 1345.38 1.4388
2459769.87643 10026690.91 7737081.26 875.51 1345.44 1.4386
2459769.876571 10023753.7 7735315.77 875.52 1345.06 1.4383
2459769.876712 10034697.3 7742007.7 875.49 1344.76 1.4381
2459769.876854 10035800.88 7739184.45 875.52 1344.91 1.4379
2459769.876995 10035444.88 7738733.62 875.58 1345.63 1.4377
2459769.877136 10030424.48 7736202.52 875.35 1346.05 1.4375
2459769.877278 10029696.13 7733111.84 875.01 1345.93 1.4373
2459769.877419 10038253.85 7731969.9 874.8 1345.94 1.437
2459769.87756 10036553.31 7733143.81 874.92 1345.87 1.4368
2459769.877702 10034329.65 7730128.33 875.17 1345.78 1.4366
2459769.877843 10050951.12 7735601.14 874.9 1345.77 1.4364
2459769.877984 10043147.09 7735300.68 874.82 1345.52 1.4362
2459769.878126 10050400.28 7738047.74 874.72 1345.35 1.436
2459769.878267 10047647.94 7736770.68 874.71 1345.38 1.4358
2459769.878408 10053767.14 7736496.13 874.71 1345.5 1.4356
2459769.87855 10054493.71 7737622.41 874.71 1345.71 1.4354
2459769.878691 10046246.9 7736597.31 874.51 1345.93 1.4352
2459769.878832 10039998.8 7731451.09 874.49 1346.28 1.435
2459769.878974 10040988.29 7732970.42 874.49 1346.46 1.4348
2459769.879115 10042684.53 7732229.76 874.54 1346.67 1.4346
2459769.879256 10044421.95 7732387.2 874.34 1346.69 1.4344
2459769.879398 10040334.98 7733048.11 874.33 1346.85 1.4342
2459769.879539 10037275.16 7730322.13 874.19 1347.0 1.434
2459769.87968 10050529.23 7733231.45 874.66 1346.85 1.4338
2459769.879822 10053726.08 7734119.23 874.97 1347.08 1.4336
2459769.879963 10053024.98 7736979.83 875.2 1346.97 1.4335
2459769.880104 10054641.01 7737440.94 875.17 1347.05 1.4333
2459769.880246 10052882.36 7738742.18 874.96 1347.14 1.4331
2459769.880387 10047235.4 7733749.61 874.68 1347.45 1.4329
2459769.880528 10055665.18 7736387.05 874.23 1347.35 1.4327
2459769.88067 10059783.19 7736016.61 874.0 1347.22 1.4325
2459769.880811 10067584.3 7735053.16 873.43 1346.84 1.4324
2459769.880953 10056869.72 7732984.64 873.48 1346.58 1.4322
2459769.881094 10058375.68 7734999.28 873.45 1346.26 1.432
2459769.881235 10067163.4 7739992.46 873.17 1345.84 1.4318
2459769.881377 10061321.32 7739218.75 873.17 1345.74 1.4317
2459769.881518 10062761.6 7733793.51 873.34 1345.7 1.4315
2459769.881659 10066101.55 7736825.26 873.33 1345.35 1.4313
2459769.881801 10062572.4 7735821.55 873.31 1345.15 1.4311
2459769.881942 10064816.44 7735032.71 873.14 1344.97 1.431
2459769.882083 10065073.5 7740160.83 873.09 1344.92 1.4308
2459769.882225 10063522.5 7739159.42 872.99 1344.91 1.4306
2459769.882366 10067833.31 7737677.67 873.21 1344.74 1.4305
2459769.882507 10075067.3 7740151.82 872.96 1344.5 1.4303
2459769.882649 10082287.42 7740369.15 872.97 1344.25 1.4302
2459769.88279 10076096.92 7741261.85 872.75 1344.11 1.43
2459769.882931 10065866.96 7738131.38 872.96 1344.22 1.4298
2459769.883073 10057293.66 7735949.1 873.12 1344.33 1.4297
2459769.883214 10067614.69 7735536.97 873.11 1344.61 1.4295
2459769.883355 10065530.46 7737588.38 873.12 1344.74 1.4294
2459769.883497 10075642.25 7736936.37 873.23 1344.7 1.4292
2459769.883638 10083295.13 7746596.2 873.15 1344.77 1.4291
2459769.883779 10076634.48 7739961.26 872.89 1345.12 1.4289
2459769.883921 10083903.77 7740672.98 872.89 1345.52 1.4288
2459769.884062 10071800.61 7736502.97 873.15 1346.05 1.4286
2459769.884203 10080947.72 7736033.46 873.15 1345.83 1.4285
2459769.884345 10085048.71 7734593.93 873.03 1346.07 1.4283
2459769.884486 10075889.13 7731554.17 872.7 1346.37 1.4282
2459769.884627 10079721.85 7739573.3 872.51 1346.6 1.428
2459769.884769 10075542.51 7736205.94 872.63 1346.69 1.4279
2459769.88491 10076508.85 7733541.06 872.73 1346.51 1.4278
2459769.885051 10076401.4 7734720.81 872.86 1346.66 1.4276
2459769.885193 10084425.52 7738107.77 872.88 1346.53 1.4275
2459769.885334 10086848.22 7740668.74 872.94 1346.49 1.4273
2459769.885475 10080936.23 7733790.62 872.88 1346.23 1.4272
2459769.885617 10081873.52 7736294.29 872.62 1346.04 1.4271
2459769.885758 10085515.04 7739584.63 872.3 1345.81 1.427
2459769.885899 10089439.67 7742972.97 871.95 1345.82 1.4268
2459769.886041 10081766.39 7742069.16 871.94 1345.88 1.4267
2459769.886182 10075442.87 7741167.32 872.13 1346.07 1.4266
2459769.886323 10076958.15 7742755.75 872.21 1346.25 1.4264
2459769.886465 10082252.07 7743051.01 872.33 1346.18 1.4263
2459769.886606 10087286.88 7745668.39 872.44 1346.13 1.4262
2459769.886747 10082978.58 7741577.96 872.4 1345.93 1.4261
2459769.886889 10074243.46 7731211.39 872.39 1345.96 1.426
2459769.88703 10083041.55 7739347.82 872.32 1346.32 1.4258
2459769.887171 10081972.41 7736071.86 872.15 1346.21 1.4257
2459769.887313 9986207.0 7740541.03 871.97 1346.3 1.4256
2459769.887454 9554440.66 7736853.44 872.13 1346.35 1.4255
2459769.887595 9321013.27 7734358.44 872.79 1346.41 1.4254
2459769.887737 9173563.29 7733432.99 874.21 1346.51 1.4253
2459769.887878 9076551.68 7732423.55 875.21 1346.54 1.4251
2459769.888019 9045323.62 7731059.32 876.44 1346.33 1.425
2459769.888161 9050425.19 7737005.05 877.22 1346.2 1.4249
2459769.888302 9008385.84 7732643.87 878.01 1345.95 1.4248
2459769.888443 9002635.09 7731933.84 878.66 1346.18 1.4247
2459769.888585 9013744.34 7735459.59 879.31 1346.2 1.4246
2459769.888726 8997756.36 7735790.57 879.95 1345.97 1.4245
2459769.888868 9002181.65 7733915.01 880.99 1345.86 1.4244
2459769.889009 9004368.19 7729619.1 882.09 1345.59 1.4243
2459769.88915 9013206.08 7724086.88 882.73 1345.58 1.4242
2459769.889291 9024512.33 7731085.8 883.08 1345.37 1.4241
2459769.889433 9032428.95 7736524.17 883.1 1345.12 1.424
2459769.889574 9012811.59 7731797.54 882.95 1344.82 1.4239
2459769.889716 9015560.64 7735650.11 883.0 1344.69 1.4238
2459769.889857 9030717.69 7739568.61 882.83 1344.76 1.4237
2459769.889998 9017464.3 7736698.1 882.98 1344.76 1.4236
2459769.89014 9018903.3 7738220.8 883.0 1344.61 1.4236
2459769.890281 9050476.54 7734336.26 882.98 1344.57 1.4235
2459769.890422 9049483.91 7737083.89 883.22 1344.59 1.4234
2459769.890564 9075742.56 7738905.0 883.02 1344.59 1.4233
2459769.890705 9154054.16 7737685.84 882.77 1344.73 1.4232
2459769.890846 9262152.65 7743784.49 882.53 1345.1 1.4231
2459769.890988 9461248.37 7745771.81 882.3 1345.19 1.4231
2459769.891129 9929533.08 7745824.72 882.83 1345.73 1.423
2459769.89127 10081151.33 7747646.17 882.16 1345.81 1.4229
2459769.891412 10090971.09 7747750.45 880.19 1346.2 1.4228
2459769.891553 10088215.82 7747212.87 878.28 1346.46 1.4227
2459769.891694 10084537.11 7749173.91 876.58 1346.58 1.4227
2459769.891836 10093666.99 7750387.33 875.14 1346.49 1.4226
2459769.891977 10089539.97 7748428.63 873.98 1346.15 1.4225
2459769.892118 10076047.67 7745345.85 873.3 1346.05 1.4225
2459769.89226 10083965.08 7744056.65 872.64 1345.8 1.4224
2459769.892401 10083257.42 7746983.81 872.32 1346.04 1.4223
2459769.892542 10077133.31 7744904.25 871.9 1346.11 1.4222
2459769.892684 10087498.02 7749980.98 871.48 1345.89 1.4222
2459769.892825 10084644.65 7747842.97 871.2 1346.14 1.4221
2459769.892966 10077544.05 7744994.1 870.74 1346.29 1.4221
2459769.893108 10081361.75 7742260.78 870.51 1346.09 1.422
2459769.893249 10089863.14 7747683.53 870.44 1345.98 1.4219
2459769.89339 10085162.79 7746036.02 870.48 1346.17 1.4219
2459769.893532 10087929.65 7749259.96 870.57 1346.13 1.4218
2459769.893673 10086690.06 7747551.62 870.67 1346.14 1.4218
2459769.893814 10093375.16 7751473.12 870.73 1346.1 1.4217
2459769.893956 10091920.11 7753114.48 871.01 1346.21 1.4217
2459769.894097 10083729.56 7748038.34 871.2 1346.41 1.4216
2459769.894238 10082158.62 7750203.31 870.97 1346.56 1.4216
2459769.89438 10084382.73 7746572.67 870.85 1346.67 1.4215
2459769.894521 10090187.06 7754144.86 870.97 1346.6 1.4215
2459769.894662 10090512.3 7753424.75 870.94 1346.64 1.4214
2459769.894804 10090436.25 7752684.01 871.17 1346.77 1.4214
2459769.894945 10088008.09 7751120.81 871.3 1346.86 1.4213
2459769.895086 10093991.94 7754606.95 871.07 1347.19 1.4213
2459769.895228 10092752.7 7756282.95 870.98 1347.24 1.4212
2459769.895369 10086874.59 7751593.41 871.42 1347.33 1.4212
2459769.89551 10083472.48 7759258.08 871.14 1347.62 1.4212
2459769.895652 10082394.96 7755207.76 871.01 1347.68 1.4211
2459769.895793 10079050.04 7752985.68 870.81 1347.88 1.4211
2459769.895934 10076059.02 7752534.8 870.95 1348.13 1.4211
2459769.896076 10076402.25 7752377.17 871.1 1347.98 1.421
2459769.896217 10077649.91 7753827.46 871.07 1347.84 1.421
2459769.896358 10079250.94 7752107.54 871.1 1347.62 1.421
2459769.8965 10080351.97 7752367.97 870.94 1347.46 1.4209
2459769.896641 10072250.77 7748106.83 871.22 1347.24 1.4209
2459769.896782 10070438.14 7749708.64 871.15 1347.02 1.4209
2459769.896924 10078320.24 7754530.58 871.13 1346.79 1.4209
2459769.897065 10074195.39 7747621.65 871.01 1346.85 1.4208
2459769.897206 10072504.03 7751304.9 870.8 1347.04 1.4208
2459769.897348 10077393.46 7751915.73 870.66 1346.76 1.4208
2459769.897489 10073725.04 7751622.36 870.57 1347.02 1.4208
2459769.89763 10071655.97 7752944.91 870.53 1347.32 1.4207
2459769.897772 10076267.7 7752392.06 870.54 1347.27 1.4207
2459769.897913 10072700.5 7752260.77 870.36 1347.4 1.4207
2459769.898054 10071332.95 7755590.27 870.36 1347.5 1.4207
2459769.898196 10076351.75 7754745.17 870.49 1347.37 1.4207
2459769.898337 10070986.35 7748762.83 870.62 1347.2 1.4207
2459769.898478 10065453.09 7747740.4 870.8 1347.1 1.4207
2459769.89862 10066451.46 7745243.41 870.85 1347.03 1.4207
2459769.898761 10061791.63 7742586.05 870.67 1346.97 1.4206
2459769.898902 10073158.55 7752974.58 870.72 1347.1 1.4206
2459769.899044 10062059.58 7747460.61 870.9 1347.13 1.4206
2459769.899185 10057327.81 7747204.53 870.79 1347.12 1.4206
2459769.899326 10058641.62 7744286.99 870.79 1347.12 1.4206
2459769.899468 10057165.92 7745750.33 870.87 1346.96 1.4206
2459769.899609 10055637.27 7744683.06 870.74 1347.1 1.4206
2459769.89975 10053885.33 7745590.56 870.49 1347.02 1.4206
2459769.899892 10058533.54 7748447.21 870.21 1346.91 1.4206
2459769.900033 10048549.02 7744394.43 870.41 1346.96 1.4206
2459769.900175 10054499.56 7749389.66 870.67 1347.37 1.4206
2459769.900316 10060071.33 7751773.04 871.01 1347.53 1.4207
2459769.900457 10070772.9 7753043.31 870.79 1347.84 1.4207
2459769.900599 10057290.25 7743871.21 870.93 1347.96 1.4207
2459769.90074 10057669.25 7746400.24 871.12 1348.04 1.4207
2459769.900881 10056888.41 7748014.85 870.86 1348.03 1.4207
2459769.901023 10053899.93 7748904.9 870.83 1347.92 1.4207
2459769.901164 10047180.99 7745057.62 870.54 1347.99 1.4207
2459769.901305 10046507.79 7743872.81 870.28 1348.11 1.4207
2459769.901447 10048406.02 7744337.85 870.35 1347.72 1.4208
2459769.901588 10050532.03 7748129.28 870.48 1347.59 1.4208
2459769.901729 10048235.81 7746208.55 870.58 1347.42 1.4208
2459769.901871 10046256.89 7750677.88 870.76 1347.39 1.4208
2459769.902012 10052023.24 7748242.4 871.22 1347.24 1.4208
2459769.902153 10051682.91 7748476.6 871.01 1346.96 1.4209
2459769.902295 10053393.75 7749871.72 870.74 1347.0 1.4209
2459769.902436 10049486.88 7747414.51 870.75 1346.92 1.4209
2459769.902577 10050232.06 7748746.74 870.73 1347.32 1.4209
2459769.902719 10051068.42 7749947.17 870.52 1347.54 1.421
2459769.90286 10051655.64 7750269.85 870.5 1347.56 1.421
2459769.903001 10046420.63 7746130.86 870.54 1347.66 1.421
2459769.903143 10049090.22 7750063.37 870.52 1347.78 1.4211
2459769.903284 10056837.9 7752193.83 870.43 1347.9 1.4211
2459769.903425 10053713.35 7748582.59 870.71 1348.05 1.4211
2459769.903567 10052036.19 7753729.65 871.0 1348.01 1.4212
2459769.903708 10054002.94 7755444.82 870.91 1347.79 1.4212
2459769.903849 10056371.06 7757791.71 870.49 1347.76 1.4213
2459769.903991 10060367.76 7758089.28 870.13 1347.5 1.4213
2459769.904132 10054050.6 7755740.92 869.75 1347.52 1.4213
2459769.904273 10051744.96 7752242.68 869.93 1347.54 1.4214
2459769.904415 10046580.17 7750904.92 870.19 1347.7 1.4214
2459769.904556 10042427.31 7746177.78 870.34 1347.9 1.4215
2459769.904697 10038098.92 7742701.45 870.51 1347.9 1.4215
2459769.904839 10049688.59 7753917.36 870.54 1347.58 1.4216
2459769.90498 10043642.78 7752342.2 870.4 1347.46 1.4216
2459769.905121 10032517.46 7746559.58 870.27 1347.48 1.4217
2459769.905263 10037628.83 7746343.99 870.48 1347.5 1.4217
2459769.905404 10042053.09 7749456.94 870.98 1347.84 1.4218
2459769.905545 10048339.29 7753476.65 871.41 1348.03 1.4219
2459769.905687 10038967.25 7746726.32 870.93 1347.81 1.4219
2459769.905828 10036671.17 7745190.38 870.72 1348.09 1.422
2459769.905969 10034320.31 7749453.18 870.65 1348.06 1.422
2459769.906111 10034822.17 7746941.82 870.9 1347.98 1.4221
2459769.906252 10038214.9 7748991.75 870.95 1347.88 1.4222
2459769.906393 10041349.91 7748035.75 870.92 1348.21 1.4222
2459769.906535 10039345.6 7753921.72 870.8 1348.43 1.4223
2459769.906676 10024559.76 7749206.25 870.87 1348.59 1.4224
2459769.906817 10033490.94 7745602.94 871.04 1348.46 1.4224
2459769.906959 10039673.51 7747371.74 871.04 1348.1 1.4225
2459769.9071 10039196.07 7750186.79 871.02 1347.7 1.4226
2459769.907241 10032274.92 7747456.91 871.18 1347.71 1.4226
2459769.907383 10036804.08 7748903.21 870.87 1348.04 1.4227
2459769.907524 10033799.68 7746187.65 870.66 1348.02 1.4228
2459769.907666 10041793.47 7749146.41 870.4 1347.85 1.4229
2459769.907807 10030334.48 7747211.02 870.43 1348.11 1.4229
2459769.907948 10037324.58 7746305.62 870.48 1348.12 1.423
2459769.90809 10044708.23 7748134.56 870.4 1348.11 1.4231
2459769.908231 10034505.27 7747976.75 870.28 1348.07 1.4232
2459769.908372 10028499.4 7743956.74 870.46 1348.14 1.4233
2459769.908514 10024874.25 7743336.54 870.64 1348.27 1.4233
2459769.908655 10025754.42 7747448.44 870.46 1348.51 1.4234
2459769.908796 10033480.45 7747032.46 870.5 1348.68 1.4235
2459769.908938 10033978.16 7751967.24 870.46 1348.72 1.4236
2459769.909079 10034611.73 7751002.77 870.3 1348.59 1.4237
2459769.90922 10038999.44 7750112.54 870.02 1348.29 1.4238
2459769.909362 10030354.0 7747246.33 869.78 1347.91 1.4239
2459769.909503 10034318.94 7746474.16 869.65 1348.11 1.424
2459769.909644 10027644.31 7746697.55 869.61 1347.89 1.4241
2459769.909786 10035349.03 7747349.08 869.47 1347.97 1.4242
2459769.909927 10031007.3 7747752.84 869.53 1348.05 1.4243
2459769.910068 10029974.78 7749585.54 869.61 1347.93 1.4244
2459769.91021 10017235.83 7747843.67 869.72 1348.24 1.4245
2459769.910351 10025079.4 7747674.57 869.95 1348.27 1.4246
2459769.910492 10020209.28 7748936.93 870.26 1348.34 1.4247
2459769.910634 10022720.05 7750760.99 870.27 1348.6 1.4248
2459769.910775 10015098.3 7747229.66 870.27 1348.84 1.4249
2459769.910916 10018306.13 7747807.25 870.38 1348.89 1.425
2459769.911058 10013499.01 7746551.47 870.78 1348.97 1.4251
2459769.911199 10017684.68 7745346.92 871.17 1349.06 1.4252
2459769.91134 10013074.02 7743542.99 871.2 1349.0 1.4253
2459769.911482 10005573.98 7743664.24 870.93 1348.69 1.4254
2459769.911623 10009322.31 7745029.71 871.06 1348.74 1.4255
2459769.911764 10007125.76 7746905.07 870.72 1348.78 1.4257
2459769.911906 10008322.46 7745477.91 870.9 1348.58 1.4258
2459769.912047 10002041.52 7744363.18 871.26 1348.58 1.4259
2459769.912188 10010207.92 7745463.5 871.33 1348.59 1.426
2459769.91233 10010251.26 7744679.68 871.41 1348.5 1.4261
2459769.912471 10001431.44 7743864.39 871.48 1348.51 1.4263
2459769.912612 10008743.9 7743088.42 871.72 1348.37 1.4264
2459769.912754 10006357.43 7744439.06 871.55 1348.36 1.4265
2459769.912895 9999088.47 7740828.38 871.55 1348.45 1.4266
2459769.913036 9995007.95 7740722.13 871.55 1348.67 1.4268
2459769.913178 10006043.36 7743569.69 871.78 1348.9 1.4269
2459769.913319 10002803.74 7746229.98 871.9 1349.27 1.427
2459769.91346 10000672.33 7745241.53 872.21 1349.41 1.4272
2459769.913602 10000632.37 7742880.79 872.01 1349.54 1.4273
2459769.913743 10004169.91 7742259.3 871.77 1349.71 1.4274
2459769.913884 10007595.34 7743911.21 871.51 1349.7 1.4276
2459769.914026 10009929.58 7744390.54 871.39 1349.69 1.4277
2459769.914167 10015267.12 7750149.49 870.98 1349.72 1.4278
2459769.914308 9996923.13 7743607.39 871.12 1349.87 1.428
2459769.91445 10003202.53 7748713.86 870.95 1349.93 1.4281
2459769.914591 10000436.01 7744979.96 871.03 1349.92 1.4283
2459769.914732 10009107.45 7746943.78 871.05 1349.89 1.4284
2459769.914874 10006603.67 7749261.71 870.95 1349.88 1.4286
2459769.915015 10011638.43 7746531.03 871.07 1349.87 1.4287
2459769.915156 10008618.67 7740185.14 870.93 1349.69 1.4288
2459769.915298 10003777.94 7740409.17 871.22 1349.53 1.429
2459769.915439 9996334.93 7743996.42 871.03 1349.45 1.4291
2459769.91558 9994936.21 7742148.47 870.83 1349.18 1.4293
2459769.915722 9999594.89 7741089.57 870.93 1348.84 1.4295
2459769.915863 10005085.03 7742360.64 871.16 1348.63 1.4296
2459769.916004 10005470.16 7745476.62 870.94 1348.59 1.4298
2459769.916146 10007521.58 7745247.18 870.87 1348.44 1.4299
2459769.916287 9997348.48 7744167.52 870.6 1348.55 1.4301
2459769.916423 9996076.92 7745587.52 870.42 1348.72 1.4302
