2459769.865828 2891703.75 2239593.73 891.23 887.63 1.4572
2459769.865972 2891304.18 2238135.19 891.49 887.37 1.4569
2459769.866113 2891951.88 2239075.97 892.21 887.03 1.4566
2459769.866252 2891454.91 2240157.42 892.79 886.64 1.4563
2459769.866394 2889126.33 2240740.78 893.59 886.5 1.4559
2459769.866535 2890235.84 2242012.84 893.98 886.3 1.4556
2459769.866676 2890660.64 2242442.18 894.25 886.34 1.4553
2459769.866817 2890494.21 2240746.54 894.21 886.39 1.455
2459769.866962 2893274.02 2242489.13 894.1 886.51 1.4546
2459769.867104 2895895.11 2241646.74 894.05 886.63 1.4543
2459769.867241 2895261.83 2240584.25 893.98 886.88 1.454
2459769.867383 2892442.32 2241488.85 894.07 887.14 1.4537
2459769.867524 2892257.15 2238984.32 893.85 886.97 1.4534
2459769.867666 2889006.63 2237028.95 893.97 886.99 1.4531
2459769.867808 2892918.54 2240808.65 894.32 887.16 1.4528
2459769.867948 2892769.31 2242796.69 894.44 887.06 1.4525
2459769.868091 2896208.34 2242855.93 894.18 887.0 1.4521
2459769.868233 2897304.35 2241307.75 894.03 886.85 1.4518
2459769.868372 2896020.16 2242904.78 893.81 886.89 1.4515
2459769.868514 2895067.72 2242415.07 893.76 886.97 1.4512
2459769.868656 2897857.4 2242686.84 893.65 887.04 1.4509
2459769.868796 2894705.75 2241059.87 893.52 886.9 1.4506
2459769.868939 2894650.14 2239943.4 893.41 886.85 1.4503
2459769.86908 2892526.01 2241385.88 893.35 886.8 1.45
2459769.86922 2894308.59 2240507.31 893.28 886.7 1.4498
2459769.869364 2894060.37 2240308.91 893.28 886.69 1.4494
2459769.869506 2894578.36 2242245.68 893.38 886.58 1.4491
2459769.869646 2895299.52 2242477.79 893.47 886.6 1.4489
2459769.869785 2894073.57 2239745.12 893.61 886.63 1.4486
2459769.86993 2893137.01 2240698.65 893.6 886.63 1.4483
2459769.87007 2894713.66 2241098.84 893.33 886.62 1.448
2459769.87021 2892111.63 2239077.5 893.21 886.63 1.4477
2459769.870352 2892992.84 2240772.78 892.87 886.59 1.4474
2459769.870498 2892686.23 2240383.14 892.83 886.56 1.4471
2459769.87064 2896059.73 2238545.06 892.87 886.5 1.4469
2459769.870779 2893480.69 2239115.78 893.07 886.4 1.4466
2459769.870918 2892692.73 2238504.55 893.19 886.42 1.4463
2459769.871057 2893475.61 2239938.3 893.27 886.35 1.446
2459769.871199 2891672.84 2239266.51 893.21 886.29 1.4458
2459769.871342 2893520.28 2241105.6 893.25 886.21 1.4455
2459769.871484 2893759.98 2240288.66 893.18 886.14 1.4452
2459769.871623 2894026.26 2241010.53 893.07 886.0 1.445
2459769.871767 2890296.74 2240088.19 893.07 885.94 1.4447
2459769.871906 2887996.17 2239929.55 892.93 885.78 1.4444
2459769.872047 2891219.45 2240222.11 893.07 885.86 1.4442
2459769.872188 2891828.7 2240098.85 892.88 885.92 1.4439
2459769.87233 2893982.26 2240979.92 892.87 886.13 1.4436
2459769.872471 2892343.42 2239982.47 892.88 886.01 1.4434
2459769.872616 2892428.16 2239991.63 892.84 885.95 1.4431
2459769.87276 2893613.94 2239379.79 892.93 886.07 1.4428
2459769.872899 2894534.8 2239797.03 892.86 885.89 1.4426
2459769.873038 2895072.97 2238148.29 893.03 885.99 1.4423
2459769.873178 2899129.58 2241192.9 892.84 886.17 1.4421
2459769.873319 2897610.44 2240335.09 892.82 886.12 1.4418
2459769.87346 2900392.32 2238410.37 892.76 886.09 1.4416
2459769.873602 2896817.77 2239173.45 892.87 886.14 1.4413
2459769.873745 2895422.71 2239788.8 893.09 886.27 1.4411
2459769.873886 2898915.66 2241585.77 892.84 886.43 1.4408
2459769.874026 2900412.33 2242515.76 892.79 886.62 1.4406
2459769.874167 2901270.94 2242282.4 892.58 886.73 1.4403
2459769.87431 2900282.87 2242302.41 892.38 886.93 1.4401
2459769.874452 2900069.97 2241364.9 892.07 886.94 1.4398
2459769.874591 2901010.84 2240604.5 891.95 886.92 1.4396
2459769.874734 2900629.77 2242486.7 892.13 886.8 1.4394
2459769.874876 2900258.07 2241347.84 892.14 886.69 1.4391
2459769.875016 2900573.54 2241320.93 892.05 886.76 1.4389
2459769.875158 2900437.71 2240528.14 892.06 886.81 1.4387
2459769.8753 2899008.59 2240382.27 891.91 886.65 1.4384
2459769.875439 2899605.45 2240717.04 891.85 886.5 1.4382
2459769.87558 2900664.77 2242062.26 891.71 886.52 1.438
2459769.875722 2900576.55 2242405.45 891.84 886.44 1.4378
2459769.875863 2902478.03 2242806.29 891.98 886.35 1.4375
2459769.876004 2902368.32 2241986.37 892.15 886.3 1.4373
2459769.876146 2902394.91 2241529.37 892.14 886.34 1.4371
2459769.876293 2901354.54 2242061.45 892.05 886.31 1.4368
2459769.876442 2901461.98 2242605.37 891.77 886.27 1.4366
2459769.876578 2899508.3 2243444.92 891.86 886.45 1.4364
2459769.876712 2902360.74 2241504.74 891.93 886.58 1.4362
2459769.876852 2906047.29 2242009.79 892.04 886.59 1.436
2459769.876994 2906958.09 2242249.55 891.93 886.27 1.4358
2459769.877135 2908226.18 2241928.96 891.88 886.0 1.4355
2459769.877276 2904840.87 2241018.5 891.77 885.91 1.4353
2459769.87742 2909702.18 2245599.31 891.74 886.09 1.4351
2459769.877562 2909280.74 2246581.94 891.77 886.1 1.4349
2459769.8777 2909825.33 2247149.23 891.88 886.12 1.4347
2459769.877842 2910411.06 2244415.77 891.82 886.1 1.4345
2459769.877983 2908691.35 2243040.23 891.75 886.22 1.4343
2459769.878124 2909176.37 2243379.65 891.66 886.3 1.4341
2459769.878267 2908719.77 2241212.5 891.63 886.26 1.4339
2459769.878408 2908057.8 2240959.81 891.6 886.17 1.4337
2459769.878548 2907349.57 2242182.91 891.58 886.03 1.4335
2459769.87869 2908087.11 2242040.41 891.43 885.88 1.4333
2459769.878831 2907438.71 2242998.08 891.39 885.87 1.4331
2459769.878978 2905132.54 2242482.13 891.37 885.83 1.4329
2459769.879121 2906127.17 2242066.59 891.38 885.77 1.4327
2459769.879258 2907906.29 2244176.07 891.25 885.83 1.4325
2459769.879398 2907884.83 2243436.88 891.23 885.8 1.4323
2459769.879538 2906657.71 2243495.67 891.13 885.78 1.4321
2459769.879679 2907393.6 2241807.55 891.4 885.81 1.4319
2459769.87982 2908043.56 2241665.39 891.57 885.74 1.4317
2459769.879962 2903327.26 2241221.5 891.7 885.74 1.4315
2459769.880103 2904662.0 2240744.34 891.81 885.77 1.4314
2459769.880244 2904984.54 2242169.91 891.83 885.66 1.4312
2459769.880386 2903527.24 2240452.6 891.67 885.43 1.431
2459769.880527 2904591.08 2240219.26 891.41 885.43 1.4308
2459769.880668 2904714.14 2241440.71 891.28 885.46 1.4306
2459769.88081 2907759.89 2241164.72 890.95 885.62 1.4305
2459769.880951 2906415.15 2242243.2 891.08 885.84 1.4303
2459769.881092 2905887.22 2240962.83 890.94 886.1 1.4301
2459769.881234 2906024.9 2240498.84 890.9 886.2 1.4299
2459769.881375 2905526.78 2240748.33 891.01 886.25 1.4297
2459769.881517 2908546.49 2241029.91 891.0 886.26 1.4296
2459769.88166 2906781.41 2240112.61 890.88 886.45 1.4294
2459769.881803 2907449.72 2241024.21 890.99 886.56 1.4292
2459769.881943 2907614.49 2241223.6 891.01 886.66 1.4291
2459769.882082 2905481.53 2240552.67 890.89 886.81 1.4289
2459769.882223 2906266.0 2241541.36 890.97 886.93 1.4287
2459769.882365 2905541.27 2239816.64 891.09 887.14 1.4286
2459769.882506 2906875.98 2240577.98 890.85 887.18 1.4284
2459769.88265 2907904.1 2240462.43 890.85 887.23 1.4283
2459769.882792 2905566.03 2240146.86 890.73 887.22 1.4281
2459769.88293 2907072.05 2241181.73 890.86 887.06 1.4279
2459769.883072 2905304.0 2241434.99 890.95 886.91 1.4278
2459769.883214 2905809.81 2240140.52 891.08 886.88 1.4276
2459769.883358 2904577.65 2242657.75 890.99 886.93 1.4275
2459769.8835 2907496.81 2242269.56 891.21 887.08 1.4273
2459769.883637 2907719.75 2241789.63 891.08 886.95 1.4272
2459769.883778 2909695.25 2243052.56 890.84 886.88 1.427
2459769.883919 2912081.0 2242398.2 890.85 886.65 1.4269
2459769.884061 2908028.18 2241205.09 891.01 886.35 1.4267
2459769.884202 2909267.45 2242688.62 890.93 886.35 1.4266
2459769.884343 2911361.04 2241353.66 891.02 886.22 1.4264
2459769.884486 2908003.86 2241657.47 890.75 885.93 1.4263
2459769.884627 2908924.18 2241332.48 890.66 885.89 1.4262
2459769.884767 2906520.73 2241621.25 890.75 885.93 1.426
2459769.884909 2907471.69 2241939.43 890.83 886.12 1.4259
2459769.88505 2907275.39 2242833.82 890.93 885.91 1.4257
2459769.885191 2911500.82 2243881.45 890.98 886.08 1.4256
2459769.885333 2909374.98 2243772.05 891.05 885.97 1.4255
2459769.885474 2908906.06 2243001.98 890.82 886.21 1.4253
2459769.885616 2910431.95 2244058.19 890.7 886.2 1.4252
2459769.885758 2909775.82 2244444.72 890.56 886.21 1.4251
2459769.885898 2909612.81 2244994.62 890.4 886.22 1.4249
2459769.886039 2905519.24 2243959.5 890.3 886.19 1.4248
2459769.886181 2904903.96 2243111.61 890.31 886.09 1.4247
2459769.886322 2904617.76 2243201.63 890.4 885.86 1.4246
2459769.886463 2905015.55 2243595.07 890.52 885.99 1.4244
2459769.886605 2905266.84 2243537.09 890.63 886.11 1.4243
2459769.886746 2905192.77 2242148.21 890.67 886.1 1.4242
2459769.886887 2904815.52 2242634.23 890.72 886.09 1.4241
2459769.887029 2905880.53 2244066.11 890.74 885.9 1.424
2459769.88717 2906314.06 2243999.62 890.7 886.07 1.4238
2459769.887312 2883653.19 2242378.78 890.64 885.88 1.4237
2459769.887453 2780138.02 2241637.76 890.6 885.81 1.4236
2459769.887594 2728911.37 2241227.12 890.96 885.66 1.4235
2459769.887735 2692992.35 2239861.57 891.78 885.43 1.4234
2459769.887877 2670498.2 2239148.52 892.36 885.21 1.4233
2459769.888018 2665409.19 2241131.17 893.02 885.13 1.4232
2459769.88816 2665878.07 2240241.78 893.32 885.0 1.4231
2459769.888301 2655235.42 2242213.12 893.72 884.93 1.423
2459769.888444 2656125.03 2242853.77 894.12 884.79 1.4229
2459769.88859 2655760.06 2240347.07 894.36 884.7 1.4227
2459769.888732 2650810.81 2241135.2 894.69 884.75 1.4226
2459769.888871 2655492.87 2241257.84 895.28 884.82 1.4225
2459769.88901 2655285.05 2240940.37 895.85 884.99 1.4224
2459769.889151 2659920.05 2242916.91 896.32 885.01 1.4223
2459769.88929 2661959.4 2241528.68 896.44 885.01 1.4223
2459769.889433 2660020.88 2240762.56 896.44 885.04 1.4222
2459769.889576 2656061.36 2240222.19 896.32 885.09 1.4221
2459769.889717 2657364.7 2241377.78 896.24 885.13 1.422
2459769.889862 2658625.11 2240395.94 896.12 885.04 1.4219
2459769.890002 2655589.86 2241563.71 896.11 884.99 1.4218
2459769.890138 2654759.24 2241119.91 896.02 885.18 1.4217
2459769.890282 2665601.66 2241072.23 896.0 885.18 1.4216
2459769.890424 2662180.83 2240710.39 896.05 885.14 1.4215
2459769.890565 2670162.49 2241292.71 895.92 885.12 1.4214
2459769.890706 2690343.86 2241442.44 895.95 885.05 1.4214
2459769.890847 2714031.2 2242261.12 895.92 884.89 1.4213
2459769.89099 2766391.08 2244181.99 895.96 885.05 1.4212
2459769.89113 2876187.24 2244563.06 896.58 884.93 1.4211
2459769.891269 2910724.62 2244265.29 896.31 885.34 1.421
2459769.89141 2914346.45 2245973.42 895.28 885.38 1.421
2459769.891552 2914469.93 2246456.97 894.23 885.36 1.4209
2459769.891693 2913859.16 2246946.09 893.27 885.42 1.4208
2459769.891834 2916086.54 2247355.98 892.42 885.6 1.4207
2459769.891976 2916569.68 2248935.09 891.83 885.92 1.4207
2459769.89212 2914868.3 2248035.94 891.47 886.12 1.4206
2459769.892262 2916756.34 2248048.99 891.13 886.18 1.4205
2459769.8924 2916659.4 2246960.21 890.85 886.09 1.4205
2459769.892542 2915668.68 2246776.28 890.75 885.98 1.4204
2459769.892684 2915195.2 2246185.32 890.51 886.25 1.4203
2459769.892824 2915713.51 2244800.65 890.35 886.16 1.4203
2459769.892965 2914318.14 2243740.09 890.09 886.0 1.4202
2459769.893106 2917892.35 2245626.43 889.83 886.05 1.4201
2459769.893249 2919681.23 2247541.81 889.9 886.05 1.4201
2459769.893389 2918359.52 2245853.8 890.04 886.01 1.42
2459769.89353 2921171.13 2246424.64 889.97 885.97 1.42
2459769.893672 2920490.19 2246773.13 890.15 886.13 1.4199
2459769.893818 2920460.98 2246320.51 890.07 886.1 1.4199
2459769.893958 2923683.39 2246638.55 890.11 885.98 1.4198
2459769.894096 2919543.54 2245274.16 890.24 886.03 1.4198
2459769.894237 2919894.85 2247630.33 890.13 885.88 1.4197
2459769.894379 2920171.72 2246609.21 889.95 885.98 1.4197
2459769.89452 2918993.97 2247734.05 890.15 886.19 1.4196
2459769.894661 2919507.13 2245767.83 890.03 886.12 1.4196
2459769.894802 2921720.62 2245450.24 890.07 886.0 1.4195
2459769.894944 2920978.06 2246892.91 890.19 885.9 1.4195
2459769.895085 2922329.24 2246095.89 890.1 885.89 1.4194
2459769.895226 2923064.64 2246785.31 890.09 885.91 1.4194
2459769.895368 2921867.47 2246222.77 890.26 885.9 1.4194
2459769.895509 2919664.69 2245497.0 890.15 885.78 1.4193
2459769.895653 2918699.63 2246351.44 890.12 885.79 1.4193
2459769.895794 2922052.31 2246642.96 890.06 885.73 1.4192
2459769.895933 2919201.31 2247125.36 890.06 885.64 1.4192
2459769.896074 2916805.45 2244212.47 890.06 885.65 1.4192
2459769.896216 2915998.45 2245923.88 890.11 885.78 1.4191
2459769.896357 2915951.52 2246304.52 890.19 885.95 1.4191
2459769.896498 2916843.33 2245162.79 890.16 886.1 1.4191
2459769.89664 2915396.97 2243727.51 890.25 886.06 1.4191
2459769.896781 2913569.12 2243937.27 890.29 886.02 1.419
2459769.896922 2915003.08 2241966.89 890.36 885.99 1.419
2459769.897064 2916422.19 2242003.85 890.36 886.15 1.419
2459769.897205 2914546.82 2242960.32 890.32 886.01 1.419
2459769.897347 2915089.31 2244786.65 890.18 886.02 1.4189
2459769.897488 2914764.15 2243699.05 890.07 885.85 1.4189
2459769.897632 2915210.64 2242219.63 889.99 885.74 1.4189
2459769.897774 2917355.93 2243575.89 890.17 885.84 1.4189
2459769.897912 2917551.96 2243378.97 890.02 885.83 1.4189
2459769.898053 2916398.2 2242721.4 889.97 885.84 1.4189
2459769.898198 2915712.02 2243151.83 890.23 885.98 1.4188
2459769.89834 2917825.27 2243226.04 890.26 886.15 1.4188
2459769.89848 2916482.55 2243355.62 890.33 886.06 1.4188
2459769.898618 2917588.8 2243049.12 890.32 885.95 1.4188
2459769.89876 2917747.75 2243522.86 890.17 886.06 1.4188
2459769.898901 2918614.93 2241759.49 890.17 885.97 1.4188
2459769.899043 2916730.96 2240488.03 890.24 886.03 1.4188
2459769.899184 2914464.75 2242468.16 890.14 885.89 1.4188
2459769.899325 2916457.2 2242416.03 890.11 885.97 1.4188
2459769.899466 2914595.36 2240844.75 890.13 886.13 1.4188
2459769.899608 2915376.14 2243871.26 890.03 886.04 1.4188
2459769.899749 2914763.15 2243120.28 889.86 885.94 1.4188
2459769.89989 2916969.63 2243836.32 889.91 886.08 1.4188
2459769.900032 2914845.84 2244028.3 890.25 886.03 1.4188
2459769.900173 2915099.07 2243784.98 890.39 885.78 1.4188
2459769.900321 2915302.99 2244091.94 890.56 885.76 1.4188
2459769.90047 2917812.21 2243955.56 890.56 885.67 1.4188
2459769.900607 2915703.74 2243379.95 890.65 885.68 1.4188
2459769.90074 2915955.27 2243670.59 890.75 885.71 1.4188
2459769.90088 2918234.2 2244077.65 890.74 885.67 1.4189
2459769.90103 2915321.1 2243676.39 890.72 885.67 1.4189
2459769.901172 2914380.24 2245231.95 890.56 885.71 1.4189
2459769.901304 2913978.59 2244137.66 890.4 885.72 1.4189
2459769.901445 2914158.54 2242659.76 890.44 885.89 1.4189
2459769.901587 2913973.64 2243635.97 890.52 886.04 1.4189
2459769.901728 2914423.87 2243016.31 890.6 886.0 1.419
2459769.901871 2914569.43 2245324.31 890.72 885.89 1.419
2459769.902013 2916289.16 2244850.03 891.0 886.06 1.419
2459769.902152 2915651.82 2244865.99 890.81 886.09 1.419
2459769.902297 2917781.16 2242808.44 890.82 886.07 1.4191
2459769.902442 2915326.89 2243440.0 890.85 885.99 1.4191
2459769.90258 2916121.63 2242723.3 890.86 885.98 1.4191
2459769.902718 2915448.57 2242777.56 890.77 885.95 1.4191
2459769.902859 2914914.86 2242788.72 890.79 886.03 1.4192
2459769.903 2915391.78 2242476.64 890.85 885.85 1.4192
2459769.903144 2916628.35 2244297.41 890.87 885.87 1.4192
2459769.903286 2917053.21 2243948.7 890.85 885.9 1.4193
2459769.903425 2916326.33 2242632.55 891.05 885.91 1.4193
2459769.903566 2914181.08 2241817.01 891.02 885.9 1.4193
2459769.903707 2913719.32 2244111.79 890.92 885.99 1.4194
2459769.90385 2915080.88 2244259.23 890.72 886.1 1.4194
2459769.903992 2914765.42 2244870.94 890.56 886.13 1.4195
2459769.904132 2913523.66 2243445.0 890.39 886.0 1.4195
2459769.904272 2914778.05 2244045.42 890.42 885.87 1.4195
2459769.904416 2913850.97 2244342.12 890.48 885.87 1.4196
2459769.904557 2913575.05 2242483.02 890.62 885.85 1.4196
2459769.904696 2911955.31 2243750.28 890.77 885.95 1.4197
2459769.904837 2909256.64 2241576.39 890.85 886.23 1.4197
2459769.904979 2910825.83 2243566.63 890.84 886.19 1.4198
2459769.90512 2909194.26 2243778.01 890.84 886.06 1.4198
2459769.905261 2907661.56 2242536.96 891.04 885.94 1.4199
2459769.905404 2913274.68 2243086.36 891.17 885.84 1.42
2459769.905544 2911511.21 2243273.81 891.26 885.83 1.42
2459769.905686 2910664.66 2241476.7 890.95 885.93 1.4201
2459769.90583 2912524.57 2243204.45 890.9 885.88 1.4201
2459769.905973 2910657.04 2243307.26 890.94 885.89 1.4202
2459769.906116 2911195.17 2244103.78 891.17 885.92 1.4202
2459769.906258 2909924.56 2243854.59 891.05 886.08 1.4203
2459769.906396 2911031.37 2244924.7 890.9 885.78 1.4204
2459769.906535 2909793.82 2244956.98 890.92 885.63 1.4204
2459769.906675 2907587.8 2242961.91 891.04 885.5 1.4205
2459769.906816 2909067.72 2243638.77 891.0 885.55 1.4206
2459769.906957 2907866.41 2244456.67 891.0 885.72 1.4206
2459769.907104 2905927.15 2242512.11 890.99 885.91 1.4207
2459769.907245 2906236.41 2243244.51 891.32 886.0 1.4208
2459769.907381 2907386.78 2243831.16 891.16 885.7 1.4209
2459769.907524 2905408.9 2243639.7 890.91 885.69 1.4209
2459769.907664 2905514.82 2243648.63 890.87 885.77 1.421
2459769.907806 2903530.3 2242859.49 890.99 885.73 1.4211
2459769.907948 2903717.59 2241506.07 891.13 885.71 1.4212
2459769.90809 2906984.94 2243387.6 890.97 885.7 1.4212
2459769.908233 2905291.28 2244656.81 891.02 885.7 1.4213
2459769.908374 2906088.86 2243623.23 891.01 885.65 1.4214
2459769.908512 2902256.06 2243128.36 891.01 885.56 1.4215
2459769.908654 2900717.86 2241170.4 890.8 885.41 1.4216
2459769.908795 2902310.56 2241992.86 890.95 885.3 1.4217
2459769.908936 2901792.98 2242610.96 891.05 885.26 1.4218
2459769.909084 2902937.47 2243804.34 890.85 885.32 1.4218
2459769.909232 2903963.29 2242599.11 890.82 885.48 1.4219
2459769.90937 2903582.24 2242920.98 890.77 885.67 1.422
2459769.909506 2908125.0 2243969.53 890.7 885.67 1.4221
2459769.909644 2908097.43 2245731.98 890.67 885.78 1.4222
2459769.909784 2904727.57 2244273.46 890.6 885.85 1.4223
2459769.90993 2900883.98 2243445.07 890.63 885.91 1.4224
2459769.910072 2902307.01 2244204.0 890.69 885.95 1.4225
2459769.910208 2900781.5 2244532.24 890.75 885.87 1.4226
2459769.91035 2901687.37 2244948.32 890.9 885.83 1.4227
2459769.910491 2898734.3 2245533.17 891.09 885.77 1.4228
2459769.910632 2900932.81 2244625.54 891.03 885.61 1.4229
2459769.910774 2898412.84 2245026.74 890.97 885.45 1.423
2459769.910915 2897220.09 2245592.05 891.19 885.39 1.4231
2459769.911059 2896598.36 2245053.49 891.36 885.32 1.4232
2459769.9112 2895584.23 2244041.26 891.52 885.25 1.4233
2459769.911339 2895664.04 2244516.58 891.62 885.14 1.4235
2459769.91148 2893087.44 2243717.41 891.55 885.17 1.4236
2459769.911622 2893768.11 2242947.32 891.58 885.11 1.4237
2459769.911763 2894219.75 2245427.85 891.48 885.06 1.4238
2459769.911904 2893204.81 2246010.08 891.53 885.14 1.4239
2459769.912046 2892000.26 2244321.63 891.68 885.11 1.424
2459769.912187 2895340.72 2245495.35 891.81 885.07 1.4241
2459769.912331 2893818.24 2245302.61 891.94 885.1 1.4243
2459769.912472 2893027.55 2243573.9 892.07 885.07 1.4244
2459769.912614 2892139.12 2245198.04 892.09 885.11 1.4245
2459769.912755 2895575.71 2246289.47 891.9 885.09 1.4246
2459769.912894 2897253.89 2246710.53 892.0 885.02 1.4248
2459769.913038 2898381.26 2245929.35 891.91 884.87 1.4249
2459769.91318 2894458.54 2243786.3 892.12 884.91 1.425
2459769.913318 2895660.07 2244471.9 892.05 884.87 1.4252
2459769.913459 2896604.12 2243601.14 892.11 884.85 1.4253
2459769.9136 2897020.38 2243189.16 892.03 884.83 1.4254
2459769.913746 2898614.08 2242640.62 891.93 884.79 1.4255
2459769.913887 2898607.04 2242441.03 891.89 884.86 1.4257
2459769.914024 2897390.47 2241296.84 891.94 884.93 1.4258
2459769.914166 2904627.97 2243516.92 891.85 884.97 1.426
2459769.914307 2899861.41 2243548.2 891.92 884.94 1.4261
2459769.914453 2897763.64 2242911.52 891.95 884.95 1.4262
2459769.914597 2896990.32 2241931.73 892.0 885.0 1.4264
2459769.914734 2895319.24 2243317.08 891.98 884.87 1.4265
2459769.914872 2897879.53 2243063.44 892.06 884.92 1.4267
2459769.915014 2900092.33 2243244.88 891.98 884.97 1.4268
2459769.915156 2900898.62 2243903.44 892.04 885.11 1.427
2459769.915297 2895265.3 2243200.4 892.05 885.05 1.4271
2459769.91544 2898142.87 2242909.03 891.98 884.94 1.4273
2459769.91558 2897592.96 2242981.59 891.99 885.1 1.4274
2459769.91572 2898414.7 2245090.84 892.09 885.14 1.4276
2459769.915862 2895441.29 2244463.62 892.08 885.21 1.4277
2459769.916003 2902682.24 2243963.76 892.01 885.19 1.4279
2459769.916144 2902900.29 2244707.91 891.92 885.22 1.428
2459769.916286 2913616.3 2245039.3 891.91 885.11 1.4282
2459769.916427 2911332.55 2244792.48 891.96 884.96 1.4283
2459769.916506 2912433.3 2250164.43 892.01 885.02 1.4284
